0
0
0.546127
0.546127
0.546127
0.546127
0.546127
0.546127
0.546127
0.691674
1.74163
1.91367
1.91367
1.91367
1.91367
3.40588
2.3415
2.3415
2.3052
1.69106
2.39756
2.12689
3.07582
3.07582
3.07582
2.99591
2.99591
3.83285
4.29042
4.20884
4.20884
3.11959
3.11959
2.15516
2.00727
2.64086
2.64086
1.93973
1.07869
1.07869
0.897785
0.897785
1.43773
1.43773
1.43773
1.43773
1.43773
1.43773
1.43773
1.43773
1.07636
1.2579
1.27765
1.27765
1.37248
2.0187
1.76668
1.76668
2.32876
2.32876
2.32713
2.32713
2.32713
1.67438
2.05371
2.05371
2.46939
2.46939
2.33727
2.33727
2.33727
2.33727
1.4769
1.48037
1.1302
1.1302
1.1302
1.1302
1.2996
1.2996
0.798406
1.51491
1.51491
1.02303
1.37676
1.37676
1.18378
1.18378
1.18378
1.18378
0.919676
0.919676
0.972321
1.1917
2.14127
2.14127
2.14127
1.93246
2.0768
2.71525
2.3645
2.3645
2.24168
1.57398
1.84681
1.84681
1.84681
2.47959
2.47959
2.3534
1.97951
1.05907
1.05907
1.05907
1.05907
1.15285
1.15285
1.15285
0.548472
1.51967
1.42411
0.715892
0.715892
0.715892
0.715892
0.715892
0.715892
0.830575
0.752916
0.752916
0.752916
0.726083
0.726083
0.457878
0.457878
0.457878
1.32141
1.73231
1.92801
1.66241
1.66241
1.66241
0.694378
0.694378
0.694378
1.67739
2.1632
2.1632
2.23212
2.23212
1.5331
1.19847
0.806759
1.3749
1.3749
1.3749
1.3749
1.20396
0.956581
0.956581
0.532962
0.532962
0.532962
0.532962
0.566996
0.566996
0.566996
0.566996
0.566996
1.97297
2.11268
2.11268
3.27453
2.79852
2.79852
2.17492
2.33127
2.16265
1.7433
1.7433
1.7433
2.27383
2.27383
1.38211
1.38211
1.38211
1.22557
1.5038
1.5038
1.14545
1.14545
1.81052
1.47105
1.47105
1.85727
1.85727
1.85727
1.85727
1.63976
1.11058
0.729694
0.460068
0.477575
0.477575
0.477575
1.02585
0.917523
0.917523
0.917523
0.972726
0.972726
2.05161
2.05161
1.60582
1.68172
1.68172
1.68172
2.1657
2.1657
2.1657
2.30917
2.30917
1.58467
1.32541
1.32541
0.98901
0.98901
0.98901
0.98901
0.966334
0.966334
0.966334
0.966334
0.953257
0.79284
1.20093
1.20093
1.20093
1.20093
1.28029
0.734464
0.734464
1.4944
1.44464
1.44464
2.52323
2.76432
2.67829
1.97771
1.97771
1.97771
1.97771
1.88779
1.56025
1.56025
1.56492
1.12131
1.74209
1.74209
1.58981
0.671496
0.671496
0.671496
0.671496
0.671496
1.55775
2.26943
2.50637
2.78532
1.47941
0.156165
0.366948
0.366948
0.366948
0.366948
0.366948
0.366948
0.366948
0.366948
0.366948
0.366948
0.366948
0.366948
0.366948
0.366948
0.366948
0.366948
0.366948
0.96529
1.51873
1.51873
1.62752
1.62752
1.47796
1.47796
1.47796
1.47796
1.47796
1.47796
1.47796
2.61066
1.48936
1.48936
0.888604
1.09093
1.09093
0.819005
0.819005
0.819005
2.08303
1.56098
1.56098
2.37591
2.37591
1.97378
2.19334
2.19334
2.1824
2.02736
2.02736
1.91031
1.91031
0.809765
0.809765
1.0943
1.0943
1.45951
1.16582
1.16582
1.16582
1.16582
1.16582
1.58144
1.27753
1.27753
1.27753
1.20249
1.13201
1.13201
1.46227
0.960815
1.82389
1.82389
1.82389
1.82389
1.07824
1.37309
1.37309
1.37309
1.37309
1.52352
1.445
1.13596
1.13596
1.31685
1.31685
1.31685
1.31685
1.31685
1.31685
1.55564
0.912973
0.912973
1.74795
1.74795
1.74795
1.39701
1.39701
1.39701
1.39701
1.39701
1.90871
1.36923
1.36923
1.16621
1.16621
1.16621
1.16621
1.16621
1.16621
2.57918
3.18659
3.36291
2.62248
2.62248
3.06115
3.06115
3.06115
3.06115
2.45599
2.45599
2.45599
2.71628
2.36348
2.51882
1.95285
1.95285
1.12251
1.58843
1.58843
0.845046
0.845046
0.845046
0.845046
0.707623
0.707623
1.78741
1.6144
1.80042
1.17459
1.21264
1.21264
1.51246
1.51246
1.51246
2.31902
2.28479
1.61923
1.61923
1.42573
1.42573
1.42573
0.96945
0.92741
1.0085
1.0085
1.0085
1.0085
1.0085
1.0085
0.487409
0.487409
0.487409
0.978715
0.978715
1.09879
1.09879
1.09879
1.22048
1.95304
3.05611
3.03471
3.03471
3.03471
2.21994
2.26176
2.26176
2.86816
2.75244
1.81392
0.624167
0.981499
1.42665
0.860817
1.11126
1.11126
0.798769
1.24817
1.26911
1.10948
0.891638
0.891638
0.891638
0.891638
1.61302
1.10896
1.10896
0.603363
1.01803
0.940067
0.940067
0.841948
0.841948
0.240457
0.240457
0.240457
0.240457
1.78449
2.93435
2.93435
2.93435
3.83771
3.04594
3.04594
3.04594
2.76127
2.57028
2.76563
2.76563
3.67639
3.72692
3.69123
3.70469
5.04019
4.70226
3.82476
3.47325
3.47325
3.47325
4.01297
2.64615
2.68817
2.41174
1.99309
1.01977
1.33021
1.33021
1.33021
1.33021
1.18615
1.63559
1.63559
1.63559
1.63559
2.16073
1.59348
1.5019
0.783926
0.783926
0.783926
0.783926
1.51727
1.51727
2.10917
2.38011
2.38011
2.38011
2.22827
2.22827
2.22827
2.20638
2.37818
2.87231
3.07665
2.15185
1.42711
1.42711
2.48156
2.48156
2.14622
2.34613
2.20658
2.00991
1.31323
1.3426
0.967554
0.967554
0.355075
0.355075
0.355075
0.355075
0.355075
0.355075
0.355075
0.355075
0.355075
0.355075
0.355075
0.355075
1.69237
0.436633
0.436633
1.41373
1.41373
1.44161
1.44161
0.889635
0.40663
0.40663
0.40663
0.40663
0.40663
0.40663
1.00005
1.74566
2.13751
2.00518
2.00518
2.00518
1.04924
1.04924
1.04924
0.350533
0.350533
0.350533
0.350533
0.350533
0.350533
0.350533
0.739167
0.739167
0.739167
0.739167
0.946378
0.946378
1.26757
1.26757
1.26757
1.26757
1.72332
1.72332
0.681223
0.681223
0.681223
0.681223
1.45006
1.45006
1.45006
1.14561
1.14561
2.01819
2.62289
2.34379
1.53689
1.96234
1.27665
1.27665
1.27665
1.27665
1.27665
1.71335
1.71335
1.70724
2.11164
2.11164
2.11164
1.88193
2.12064
2.12064
2.12064
1.8071
1.24465
1.24465
1.46346
1.86551
0.732828
0.394823
0.394823
0.394823
0.394823
0.394823
0.394823
0.394823
0.394823
0.908711
0.922807
0.922807
0.922807
0.922807
0.922807
1.46156
2.43614
2.43614
2.43614
2.43614
2.68656
2.68656
2.68656
2.77766
2.77766
2.77766
1.94079
2.30968
2.05028
0.834743
0.834743
1.24526
1.24526
0.73631
0.854925
0.854925
0.963339
0.963339
0.963339
1.11411
0.617873
0.617873
1.76552
1.76552
1.76552
1.09365
0.873999
0.873999
1.08602
1.08602
1.78029
1.78029
1.82999
1.82999
1.82999
1.82999
1.82999
1.82999
1.82999
1.82999
1.82999
1.86137
1.86137
1.86137
1.86137
2.05386
1.84376
1.96913
1.03912
1.03912
0.629205
1.10321
1.10321
0.87899
0.87899
0.927368
0.724903
0.80037
0.80037
0.80037
0.80037
0.858123
0.940489
1.53134
1.27208
1.27208
1.27208
1.12309
1.15212
1.15212
1.15212
1.15212
1.07357
0.601797
0.601797
0.601797
0.269671
0.269671
0.633301
0.633301
0.633301
0.633301
0.473753
0.473753
0.596625
0.596625
0.596625
0.596625
0.708688
0.708688
0.653856
1.23732
1.23732
1.26219
2.09071
1.86583
1.86583
1.97034
1.69717
1.69717
1.36332
1.55099
1.55099
1.55099
1.1046
1.01144
1.72233
1.90304
1.60082
2.1356
2.1356
1.04237
1.04363
1.04363
1.04363
0.858681
1.54374
0.885943
1.06539
1.06539
1.06539
1.18077
1.18077
1.18077
1.18077
1.18077
1.56808
1.56808
1.95748
1.92255
1.04385
1.04385
1.94334
1.76119
1.76119
2.23653
2.23653
2.07215
1.83743
1.1641
1.1641
1.1641
1.01821
0.712873
1.0253
1.0253
1.36984
1.36984
1.00994
1.00994
1.00994
1.00994
1.00994
1.00994
0.313563
0.313563
1.03019
0.263007
0.263007
0.263007
0.263007
0.263007
0.263007
0.263007
0.263007
0.263007
0.263007
0.263007
0.263007
0.544591
0.544591
1.32798
0.71491
0.71491
1.21081
0.929994
1.21829
1.21829
1.31208
1.02351
1.02351
0.389044
1.90611
1.90611
2.81083
2.20202
2.44286
2.44286
2.44286
2.71723
1.67901
0.655739
1.74967
2.31476
1.94233
1.13745
1.13745
1.53388
1.53388
1.53388
1.53388
1.74636
1.68617
1.68617
1.68617
0.901668
1.77732
2.61188
3.82755
4.062
4.062
4.062
4.062
3.61845
3.61845
3.95938
3.95938
4.0433
4.0433
3.41506
3.90874
4.17803
3.38304
2.6012
2.57095
2.1385
2.16401
2.16401
1.73248
0.80626
1.60793
3.02541
2.56836
2.56836
2.25854
1.88052
1.02545
1.02545
1.12347
1.30895
1.30895
0.941392
0.941392
0.941392
0.75858
0.75858
0.75858
0.984368
1.47296
1.47296
1.47296
1.47296
1.16963
1.68844
2.40326
2.40326
2.78033
2.78033
2.92453
3.46682
3.46279
2.86068
2.86068
2.86068
3.1934
3.1934
2.35154
2.35154
2.34339
1.2795
1.2795
2.10359
2.10359
2.07663
2.07663
2.1083
2.1083
1.01638
0.953157
1.07725
0.890322
0.890322
0.890322
0.890322
0.890322
0.97983
0.68022
0.68022
0.68022
0.854863
0.922382
0.922382
1.94044
1.62502
1.64221
2.03202
2.42462
2.42462
1.67114
1.67114
1.67114
1.67114
1.67114
0.96999
0.96999
0.96999
1.38815
1.43874
1.43874
1.23581
1.23581
0.823491
0.823491
0.823491
1.05062
1.05062
1.05062
0.798642
0.814639
0.814639
1.33717
1.6802
1.6775
1.59304
2.03054
1.7024
1.7024
1.76583
1.76583
1.21888
1.21888
0.752722
0.752722
0.752722
0.752722
0.752722
0.752722
0.752722
0.752722
0.752722
0.752722
0.752722
0.752722
1.77539
1.77539
