1.55921 inf
1.51142 0.0477837
1.53415 0.0357468
1.55524 0.0329181
1.53346 0.0335349
1.52051 0.0302871
1.51942 0.0256207
1.52174 0.0223096
1.52308 0.019721
1.53727 0.0226331
1.54618 0.0223276
1.54981 0.0207041
1.54575 0.0194747
1.54277 0.0182743
1.54425 0.0170767
1.54801 0.0164108
1.5468 0.0154625
1.54856 0.0146835
1.54484 0.0143775
1.54647 0.0137363
1.54634 0.0130665
1.551 0.0133028
1.54815 0.0130278
1.55318 0.0134497
1.54983 0.0133281
1.54547 0.0135281
1.54284 0.0132794
1.53833 0.0135678
1.53592 0.0133122
1.53447 0.0129417
1.53741 0.0128566
1.53894 0.0125425
1.54004 0.0122065
1.54136 0.0119145
1.54457 0.0120058
1.54326 0.0117404
1.54315 0.0114192
1.54541 0.0113418
1.5474 0.0112248
1.5452 0.0111593
1.54271 0.0111661
1.53928 0.0114217
1.53963 0.0111583
1.53721 0.0111683
1.53695 0.0109202
1.53661 0.0106856
1.53664 0.0104558
1.5341 0.0105467
1.53091 0.0108084
1.53481 0.0112854
1.53655 0.0111975
1.53401 0.0112695
1.53331 0.0110772
1.53115 0.0110821
1.53129 0.0108796
1.52821 0.0111205
1.52886 0.010943
1.53206 0.0112192
1.53354 0.011126
1.53271 0.0109698
1.5319 0.0108191
1.53164 0.0106463
1.53149 0.0104771
1.52977 0.0104537
1.52928 0.0103035
1.52933 0.0101463
1.52828 0.0100493
1.52754 0.00992795
1.52869 0.00985057
1.52887 0.00971052
1.5308 0.0097638
1.53217 0.00972506
1.53113 0.00964728
1.53205 0.00956054
1.53135 0.00945821
1.53373 0.00963251
1.53362 0.00950725
1.53334 0.0093887
1.53074 0.00962868
1.53074 0.00950756
1.5305 0.00939249
1.53182 0.00937035
1.5297 0.0094962
1.52982 0.00938317
1.52932 0.00928518
1.5285 0.00921312
1.52888 0.00911455
1.52866 0.00901326
1.5292 0.00892795
1.52677 0.00915592
1.52783 0.00911586
1.52818 0.00902315
1.5282 0.00892562
1.52981 0.00897636
1.52932 0.00889532
1.52933 0.00880218
1.52735 0.00893228
1.528 0.0088645
1.5286 0.00879466
1.52822 0.00871451
