5.22301 inf
4.91628 0.306732
4.96688 0.184181
5.12583 0.205489
5.04204 0.179879
5.02068 0.148416
5.02876 0.125694
5.05179 0.111264
5.00694 0.10789
5.0181 0.0971421
5.049 0.0931435
5.02818 0.087539
5.03721 0.0810289
5.05418 0.0769136
5.04187 0.0726526
5.0199 0.0714258
5.02116 0.0671048
5.02731 0.0635647
5.03484 0.0605961
5.03172 0.0575708
5.02106 0.0557892
5.01393 0.0536682
5.00612 0.0518731
5.0012 0.0499085
4.98995 0.0491747
4.99488 0.0475018
4.99373 0.045723
4.99154 0.0441141
4.99902 0.0432181
4.99413 0.0420385
5.00604 0.0423688
5.00577 0.0410243
5.00424 0.0397912
5.0033 0.0386147
5.00764 0.0377457
5.00446 0.0368201
5.00911 0.0361119
5.006 0.0352861
5.01031 0.0346386
5.02337 0.0362007
5.02706 0.0354994
5.0233 0.0348481
5.02653 0.0341813
5.02742 0.0334074
5.02279 0.032983
5.02518 0.0323458
5.01363 0.0336889
5.01217 0.033012
5.00447 0.0332356
5.00755 0.0327088
5.00666 0.0320734
5.00811 0.0314841
5.00671 0.0309164
5.00644 0.0303396
5.00577 0.0297903
5.00518 0.0292595
5.00758 0.028842
5.00671 0.0283539
5.0118 0.0283298
5.01616 0.0281928
5.01242 0.0279774
5.01361 0.0275483
5.00921 0.0274626
5.01181 0.0271552
5.00918 0.0268637
5.0098 0.0264608
5.01175 0.0261364
5.01035 0.0257872
5.00479 0.0260133
5.00787 0.025824
5.01017 0.0255607
5.00972 0.0252071
5.01502 0.0254171
5.01758 0.0252021
5.02076 0.025066
5.02449 0.025014
5.02527 0.0246991
5.02591 0.0243888
5.0277 0.0241449
5.02954 0.0239122
5.03538 0.0243248
5.03433 0.0240494
5.03021 0.0241122
5.0338 0.0240927
5.03344 0.0238102
5.03342 0.0235317
5.03006 0.0235015
5.03705 0.0242621
5.03833 0.024022
5.0346 0.0240438
5.03653 0.0238561
5.03855 0.0236819
5.04049 0.0235056
5.04114 0.0232633
5.03441 0.0239805
5.03171 0.0238824
5.03202 0.0236369
5.0313 0.0234055
5.02908 0.0232737
5.03117 0.0231346
