1.48096 nan
1.42389 0.0570671
1.4959 0.0791846
1.49786 0.0560264
1.4935 0.0436165
1.4944 0.0356241
1.48724 0.0309482
1.4983 0.0289943
1.49344 0.0260279
1.48637 0.0243297
1.49284 0.0229383
1.48727 0.0216669
1.49047 0.0201846
1.48632 0.0191422
1.48444 0.0179191
1.48351 0.0167875
1.47781 0.0167688
1.48417 0.0170433
1.47976 0.0167135
1.47531 0.0164692
1.47681 0.0157372
1.48141 0.0156942
1.48007 0.0150564
1.48185 0.0145253
1.48095 0.0139614
1.47951 0.013491
1.48257 0.0133388
1.48868 0.0142312
1.48685 0.0138531
1.49599 0.016206
1.49473 0.0157252
1.49601 0.0152793
1.49303 0.0151049
1.48909 0.015174
1.49121 0.0148851
1.49284 0.0145579
1.49211 0.0141783
1.49178 0.013804
1.49533 0.0139061
1.49658 0.0136123
1.49787 0.0133383
1.5011 0.0134126
1.50161 0.0131068
1.50054 0.0128502
1.50217 0.0126663
1.50339 0.0124479
1.50434 0.012217
1.50431 0.0119598
1.5049 0.0117278
1.50309 0.0116332
1.50367 0.0114178
1.50601 0.0114374
1.50838 0.0114686
1.51063 0.0114755
1.50933 0.0113396
1.50818 0.0111948
1.5047 0.0115339
1.50586 0.0113927
1.50505 0.0112273
1.50443 0.0110557
1.50465 0.0108751
1.50575 0.0107552
1.50551 0.0105859
1.5036 0.0105931
1.50199 0.0105524
1.50408 0.0105996
1.50359 0.0104519
1.50311 0.0103081
1.50273 0.0101648
1.50435 0.0101485
1.50358 0.0100342
1.50363 0.00989399
1.50473 0.00981996
1.50375 0.00973641
1.50476 0.00965913
1.506 0.00961206
1.50573 0.00949031
1.50631 0.00938586
1.50788 0.00939714
1.50767 0.0092813
1.50854 0.00920767
1.50812 0.00910461
1.50628 0.00917947
1.50545 0.0091072
1.50615 0.00902632
1.50524 0.00896745
1.50352 0.00902772
1.5032 0.0089306
1.50343 0.00883283
1.50534 0.00893951
1.50429 0.00890206
1.50533 0.00886603
1.50514 0.00877234
1.50385 0.00877356
1.50316 0.00870793
1.50298 0.00861862
1.50194 0.00859347
1.50275 0.00854467
1.50394 0.00854077
1.50426 0.00846094
