4.79855 inf
4.97951 0.180951
5.02865 0.115454
4.97612 0.0970795
5.03662 0.0965149
5.05565 0.0810691
5.0775 0.0719163
5.0749 0.0623357
5.06545 0.0557814
5.05287 0.0514528
5.07717 0.0525
5.08186 0.0481547
5.09226 0.0455004
5.08159 0.0434546
5.05999 0.0458609
5.04623 0.0450514
5.02814 0.0460222
5.00098 0.0511899
5.0028 0.0484549
4.99224 0.0471651
4.98045 0.0463852
4.9919 0.045683
4.99803 0.0440797
4.98859 0.0432448
4.98341 0.0418006
5.00377 0.0450248
5.00032 0.0434619
5.00348 0.042
4.99119 0.0423505
4.9928 0.0409463
5.00035 0.0403174
5.00124 0.0390473
4.99835 0.0379562
4.99266 0.0372601
4.99586 0.0363217
4.98761 0.0362512
4.99688 0.0364572
4.9959 0.0354985
4.99275 0.0347188
4.99514 0.0339236
5.00005 0.0334487
5.00647 0.0332685
5.00126 0.0329013
5.00458 0.0323159
5.00519 0.0315956
5.00676 0.0309405
5.00508 0.0303214
5.00278 0.0297718
5.00001 0.0292891
4.99677 0.0288796
4.99621 0.0283132
4.99344 0.0279018
4.99071 0.0275053
4.98673 0.0272836
4.98664 0.0267831
4.98864 0.0263768
4.98909 0.0259138
4.99113 0.0255444
4.99337 0.0252075
4.99902 0.0254188
5.00109 0.0250849
5.00389 0.0248351
5.00114 0.0245919
5.00371 0.0243407
5.00437 0.0239725
5.00127 0.0238101
5.00029 0.0234723
4.9988 0.0231723
4.99787 0.0228531
5.00309 0.023121
5.0013 0.0228629
5.00107 0.0225443
5.00034 0.0222454
4.99756 0.0221178
4.99082 0.0228395
4.98918 0.0225965
4.99559 0.0232049
4.99821 0.0230549
5.00012 0.022841
4.99668 0.0228139
4.99803 0.0225704
5.00218 0.0226768
5.0011 0.022428
5.00083 0.022161
4.99744 0.0221595
4.99467 0.0220751
4.99653 0.0218996
4.99541 0.0216787
4.99619 0.0214479
4.99685 0.0212187
5.00017 0.021245
4.99832 0.0210938
4.99488 0.0211475
4.99279 0.0210261
4.99161 0.0208371
4.98913 0.0207669
4.98788 0.0205897
4.99051 0.0205473
4.99381 0.0206054
4.99256 0.0204371
