1.89856
1.89344
1.88417
1.86991
1.84949
1.82124
1.78312
1.73283
1.66819
1.58775
1.49178
1.3834
1.2692
1.15847
1.061
0.984586
0.933334
0.907191
0.902477
0.9132
0.932796
0.955527
0.977307
0.995996
1.01123
1.02384
1.03506
1.04586
1.05643
1.06609
1.07363
1.07801
1.07888
1.07688
1.07342
1.07017
1.06871
1.07027
1.07538
1.0835
1.09302
1.10181
1.10803
1.11083
1.11075
1.10936
1.10839
1.10889
1.11089
1.11364
1.11622
1.11804
1.11883
1.11844
1.11659
1.11281
1.10658
1.09786
1.08764
1.07818
1.07214
1.07068
1.07239
1.07412
1.07313
1.06834
1.06055
1.05189
1.04512
1.04257
1.04526
1.05249
1.06215
1.07169
1.07919
1.08392
1.08625
1.08698
1.0868
1.08613
1.08531
1.08465
1.08427
1.08402
1.08365
1.08293
1.0818
1.08023
1.078
1.0747
1.07008
1.06441
1.05855
1.05369
1.05078
1.05014
1.05148
1.05442
1.05858
1.06364
1.06936
1.07581
1.08344
1.09273
1.10378
1.11618
1.12904
1.14117
1.15122
1.15787
1.16014
1.15758
1.15041
1.13939
1.12573
1.11091
1.09659
1.08434
1.07537
1.07016
1.06818
1.06805
1.06794
1.06617
1.06155
1.05352
1.04213
1.02794
1.01198
0.995915
0.982066
0.973239
0.972006
0.979754
0.996054
1.01877
1.04474
1.07068
1.09397
1.11315
1.12779
1.13779
1.1429
1.14277
1.13743
1.12748
1.11384
1.0974
1.07887
1.05897
1.03873
1.01973
1.00396
0.99329
0.988831
0.990402
0.996592
1.00529
1.01439
1.0222
1.02756
1.02969
1.0281
1.02261
1.0136
1.00213
0.989716
0.977802
0.967232
0.958257
0.950884
0.945252
0.941641
0.940289
0.941255
0.944412
0.949707
0.957382
0.967967
0.982039
0.999813
1.02079
1.04356
1.06591
1.08517
1.09885
1.1053
1.10421
1.0967
1.08512
1.07259
1.06216
1.056
1.05469
1.05716
1.06129
1.06484
1.06612
1.06407
1.05827
1.04878
1.03613
1.02141
1.00628
0.992776
0.983014
0.978847
0.981424
0.990826
1.00562
1.02302
1.03957
1.05233
1.05946
1.06023
1.05471
1.0435
1.02777
1.00952
0.99176
0.977966
0.971193
0.97308
0.983251
0.999419
1.01835
1.03695
1.05292
1.06484
1.07205
1.07453
1.07288
1.06824
1.06213
1.05616
1.05167
1.04928
1.04876
1.04905
1.04863
1.0463
1.0417
1.03559
1.02966
1.02598
1.02609
1.0302
1.037
1.04422
1.04957
1.05154
1.04957
1.04395
1.03561
1.02573
1.01554
1.00614
0.998447
0.993151
0.990646
0.990915
0.993496
0.997758
1.00319
1.00953
1.01653
1.02383
1.03088
1.03711
1.04216
1.04598
1.04881
1.05121
1.05406
1.05829
1.06447
1.07242
1.08136
1.09017
1.09784
1.10367
1.10726
1.1086
1.10803
1.10611
1.10342
1.10035
1.09696
1.09311
1.08858
1.08323
1.07732
1.07162
1.06741
1.06614
1.0687
1.0747
1.08244
1.08991
1.09583
1.09955
1.10047
1.09785
1.09109
1.08022
1.06619
1.0508
1.03647
1.02545
1.01901
1.01696
1.01821
1.02165
1.02665
1.03283
1.03984
1.04729
1.05486
1.06211
1.06825
1.07216
1.07271
1.0692
1.06169
1.05099
1.03866
1.02669
1.01714
1.01168
1.01109
1.01508
1.02243
1.03137
1.04006
1.04692
1.05094
1.05163
1.04908
1.04383
1.03673
1.02874
1.02079
1.01372
1.00837
1.00562
1.0063
1.01083
1.01889
1.0294
1.04088
1.05193
1.06148
1.06887
1.07376
1.07633
1.07741
1.07822
1.07958
1.08135
1.08252
1.08191
1.07876
1.07302
1.06537
1.05705
1.04956
1.04416
1.04135
1.04061
1.04055
1.0394
1.03554
1.02801
1.01694
1.00359
0.990077
0.978826
0.972161
0.972057
0.979856
0.9959
1.01896
1.04603
1.07311
1.09651
1.11383
1.12422
1.12802
1.12618
1.11986
1.11026
1.09859
1.08609
1.0739
1.06314
1.05524
1.05206
1.05517
1.06415
1.07601
1.08677
1.09365
1.096
1.09488
1.09207
1.08916
1.08709
1.08603
1.0856
1.08525
1.08476
1.08437
1.08479
1.08687
1.09114
1.09735
1.10428
1.11014
1.11319
1.11247
1.10803
1.10081
1.09211
1.08305
1.07457
1.06767
1.0637
1.06402
1.06917
1.07806
1.08845
1.09789
1.10458
1.10741
1.10574
1.09924
1.08779
1.07169
1.05175
1.02959
1.00765
0.988756
0.975228
0.968101
0.966986
0.970592
0.977485
0.986464
0.996487
1.00635
1.01472
1.02053
1.02366
1.02514
1.0268
1.03033
1.03644
1.04445
1.05275
1.05967
1.0644
1.06731
1.06959
1.07222
1.07527
1.07792
1.07896
1.07734
1.0724
1.0641
1.0531
1.04078
1.02894
1.01936
1.01316
1.01037
1.00994
1.01025
1.00979
1.00773
1.00415
0.999929
0.996446
0.995017
0.99649
1.00108
1.00848
1.01822
1.02988
1.04304
1.05715
1.07124
1.08414
1.0946
1.10168
1.10501
1.10492
1.10235
1.09864
1.09526
1.09338
1.09365
1.09597
1.09963
1.10352
1.10641
1.10706
1.10431
1.09709
1.08436
1.06546
1.04084
1.01328
0.988774
0.974588
0.9743
0.985188
1.00144
1.01843
1.0338
1.04657
1.05625
1.0625
1.06495
1.0633
1.05749
1.04798
1.0361
1.02403
1.01438
1.00929
1.00967
1.0148
1.02264
1.03062
1.03643
1.03849
1.03608
1.02951
1.02012
1.01022
1.0024
0.998679
0.999553
1.00382
1.00917
1.01323
1.01455
1.01302
1.00972
1.00641
1.00473
1.0057
1.00933
1.0148
1.02096
1.02682
1.03199
1.03681
1.04195
1.04794
1.05497
1.06309
1.0724
1.08311
1.09508
1.10774
1.1202
1.13149
1.1407
1.14707
1.15025
1.15055
1.14891
1.14666
1.145
1.1445
1.1449
1.14511
1.14362
1.13922
1.13154
1.12151
1.11137
1.10377
1.10043
1.10118
1.10413
1.10662
1.10633
1.10207
1.09404
1.08394
1.07441
1.06791
1.06578
1.06785
1.07286
1.0792
1.08564
1.0915
1.09655
1.10083
1.10443
1.10744
1.10985
1.11175
1.11347
1.11561
1.11871
1.12307
1.12876
1.13583
1.14414
1.15331
1.16247
1.17026
1.17514
1.17581
1.17181
1.16366
1.15292
1.1417
1.13186
1.12428
1.1185
1.11319
1.10699
1.09935
1.0908
1.08234
1.07473
1.068
1.06185
1.05621
1.05139
1.04789
1.04604
1.0459
1.04746
1.05072
1.05566
1.06198
1.06892
1.07532
1.08001
1.08232
1.08225
1.08021
1.07641
1.0707
1.06301
1.05383
1.0442
1.03524
1.02776
1.02188
1.01695
1.01173
1.00555
1.00047
1.00133
1.01106
1.02653
1.0414
1.05151
1.05623
1.05704
1.05598
1.0548
1.05428
1.05408
1.05296
1.04935
1.04199
1.0304
1.01535
0.998884
0.983802
0.972871
0.968
0.969877
0.977937
0.990631
1.00582
1.02116
1.03457
1.04466
1.05107
1.05457
1.05677
1.0594
1.0635
1.06901
1.07496
1.08004
1.08319
1.08381
1.08176
1.07717
1.0703
1.06142
1.05092
1.03917
1.02642
1.01264
0.997703
0.98165
0.964921
0.948385
0.933208
0.920632
0.911707
0.907112
0.907162
0.911894
0.921162
0.934637
0.95159
0.970695
0.989986
1.00717
1.02011
1.02736
1.02843
1.02409
1.01643
1.00852
1.00341
1.00298
1.00725
1.01475
1.02338
1.03127
1.03722
1.04075
1.04198
1.04139
1.03951
1.03649
1.03212
1.02596
1.01775
1.00776
0.996793
0.985869
0.975756
0.966843
0.959324
0.953425
0.949496
0.947827
0.948502
0.951515
0.956933
0.964923
0.975579
0.988729
1.00376
1.01961
1.03486
1.04803
1.05783
1.06347
1.06475
1.06219
1.05688
1.05028
1.04382
1.03853
1.03485
1.03282
1.03235
1.03351
1.03645
1.04116
1.04715
1.05331
1.0582
1.06056
1.06011
1.05803
1.05686
1.0593
1.06669
1.07815
1.09082
1.10128
1.1069
1.10667
1.10118
1.09219
1.08187
1.07214
1.06435
1.05907
1.05604
1.05422
1.0522
1.04867
1.04294
1.03514
1.02588
1.01597
1.00607
0.996713
0.988335
0.981381
0.97647
0.974539
0.97662
0.98325
0.99389
1.00698
1.02056
1.03301
1.04323
1.05056
1.05458
1.05502
1.0519
1.04582
1.03824
1.0315
1.02817
1.03001
1.03715
1.04811
1.06052
1.07205
1.08116
1.08759
1.09246
1.09784
1.10536
1.11479
1.12391
1.13006
1.13165
1.12854
1.12163
1.11214
1.10128
1.09004
1.07934
1.07006
1.06309
1.05923
1.05882
1.0611
1.06403
1.06502
1.06212
1.05466
1.04329
1.02939
1.01463
1.00042
0.987708
0.976925
0.968265
0.962101
0.959174
0.960377
0.966145
0.976138
0.989296
1.00427
1.01984
1.03513
1.04944
1.06218
1.07275
1.08074
1.08618
1.08953
1.09154
1.09313
1.0953
1.09918
1.10556
1.1145
1.12515
1.13624
1.14654
1.15514
1.1614
1.16489
1.16549
1.16337
1.15892
1.1527
1.14523
1.13702
1.12856
1.1203
1.11263
1.10583
1.10007
1.09547
1.0921
1.09007
1.08946
1.09005
1.09127
1.09213
1.09117
1.08662
1.07668
1.06027
1.03821
1.01455
0.996039
0.988348
0.991879
1.00233
1.01486
1.02678
1.03749
1.04735
1.05687
1.06639
1.076
1.08555
1.09458
1.10217
1.10691
1.1073
1.10239
1.09229
1.0784
1.06312
1.04917
1.03856
1.03194
1.02864
1.02742
1.02716
1.02707
1.02641
1.02426
1.01973
1.01275
1.0046
0.997794
0.99486
0.997149
1.00446
1.0157
1.02975
1.04558
1.06189
1.07661
1.08741
1.09255
1.0915
1.08513
1.07519
1.06371
1.05258
1.04337
1.03715
1.03435
1.03478
1.03781
1.0425
1.0477
1.05209
1.0546
1.05473
1.05279
1.04988
1.04768
1.04806
1.0523
1.06002
1.06913
1.0768
1.0807
1.07975
1.07421
1.06562
1.05638
1.04912
1.04577
1.04702
1.05226
1.06003
1.06847
1.07554
1.07934
1.07861
1.07363
1.06682
1.06236
1.06404
1.0728
1.08645
1.10137
1.11425
1.91334
1.92127
1.91809
1.90016
1.86547
1.81402
1.74854
1.67571
1.60589
1.54874
1.5078
1.4803
1.46228
1.45272
1.4535
1.46621
1.48889
1.51562
1.53877
1.55164
1.55028
1.53461
1.50851
1.47877
1.45268
1.43474
1.42499
1.42095
1.42131
1.42835
1.44718
1.4821
1.53217
1.5897
1.6431
1.68164
1.69906
1.69579
1.6786
1.65619
1.63406
1.61394
1.59675
1.58439
1.57954
1.5848
1.60098
1.6254
1.65272
1.67781
1.69766
1.71155
1.71991
1.72324
1.72168
1.7157
1.70664
1.69629
1.68571
1.675
1.6643
1.65508
1.65019
1.6523
1.66173
1.67588
1.69053
1.70178
1.70687
1.70433
1.69403
1.67779
1.65967
1.64471
1.63558
1.63109
1.62837
1.62536
1.62169
1.61849
1.61792
1.62187
1.63054
1.64188
1.65281
1.66061
1.66355
1.66073
1.65175
1.6367
1.61644
1.59285
1.5686
1.54612
1.52635
1.50876
1.49372
1.48557
1.49056
1.50866
1.53132
1.54947
1.55909
1.56004
1.55376
1.543
1.53226
1.52701
1.53186
1.5484
1.57348
1.59958
1.61833
1.62477
1.61938
1.60735
1.59557
1.58837
1.58532
1.58291
1.57824
1.57052
1.56065
1.55043
1.54194
1.53616
1.53223
1.52898
1.52689
1.52764
1.53172
1.53665
1.53721
1.52732
1.50288
1.46497
1.42174
1.38564
1.36593
1.36379
1.37479
1.39365
1.41602
1.43856
1.45949
1.47938
1.50058
1.52568
1.5558
1.58961
1.62355
1.65322
1.67542
1.68963
1.69802
1.704
1.7106
1.7192
1.72928
1.73881
1.74493
1.74473
1.73593
1.71762
1.69052
1.65675
1.61905
1.58063
1.54594
1.52114
1.51195
1.51959
1.53953
1.56432
1.5872
1.60402
1.6135
1.61701
1.61754
1.61812
1.61998
1.62211
1.6225
1.61986
1.61453
1.60842
1.6043
1.60476
1.6109
1.62139
1.63262
1.63986
1.63878
1.62653
1.60244
1.56907
1.53369
1.50679
1.49499
1.49536
1.49952
1.50124
1.49926
1.49663
1.49794
1.50519
1.5156
1.52406
1.5266
1.52183
1.51071
1.49558
1.47956
1.46703
1.46434
1.47743
1.50652
1.54398
1.57899
1.60342
1.61416
1.61239
1.60189
1.58743
1.57373
1.56481
1.56355
1.57114
1.58644
1.60626
1.62655
1.64379
1.65582
1.6619
1.66275
1.66098
1.65981
1.65979
1.65737
1.64781
1.62838
1.59947
1.5648
1.53101
1.50539
1.49184
1.48874
1.4911
1.49438
1.49702
1.50108
1.51033
1.52711
1.55043
1.57563
1.59546
1.60371
1.59929
1.58633
1.57065
1.55691
1.548
1.54545
1.54946
1.55863
1.57004
1.58016
1.58589
1.5852
1.57726
1.56209
1.54012
1.51216
1.48033
1.44942
1.42666
1.41763
1.42245
1.43731
1.45908
1.48667
1.51923
1.5546
1.58922
1.61887
1.63927
1.64682
1.63929
1.61672
1.58191
1.54029
1.49904
1.46575
1.44684
1.44546
1.45928
1.48065
1.50052
1.51326
1.51843
1.51857
1.51601
1.51156
1.50536
1.49807
1.49106
1.48621
1.48566
1.49123
1.50359
1.5218
1.54331
1.56458
1.5821
1.59338
1.5972
1.59344
1.58271
1.56633
1.54652
1.52629
1.50875
1.49586
1.48796
1.48494
1.48746
1.49678
1.51306
1.53412
1.55566
1.57271
1.58128
1.57956
1.56809
1.54884
1.52453
1.49884
1.47697
1.46513
1.46843
1.48817
1.52024
1.55625
1.58655
1.60331
1.60276
1.58697
1.56406
1.54465
1.53586
1.53844
1.54958
1.56665
1.58774
1.61048
1.63209
1.65091
1.66686
1.68044
1.69135
1.6981
1.69852
1.69046
1.67261
1.64491
1.60885
1.56772
1.52658
1.49144
1.46769
1.45834
1.46284
1.47738
1.4968
1.51645
1.53278
1.54303
1.54547
1.54044
1.53095
1.52168
1.51627
1.51528
1.51671
1.51915
1.52432
1.53485
1.54932
1.56274
1.57095
1.57266
1.56889
1.56162
1.55277
1.5439
1.53631
1.53121
1.52958
1.53208
1.53906
1.55058
1.56635
1.5855
1.60611
1.6248
1.63698
1.63795
1.62538
1.60259
1.57929
1.56526
1.56155
1.56214
1.56224
1.56131
1.56071
1.56153
1.5635
1.56491
1.5635
1.55812
1.54991
1.54206
1.53787
1.53921
1.54614
1.55738
1.57064
1.5828
1.59091
1.59316
1.58946
1.58164
1.57353
1.56976
1.5729
1.58165
1.59172
1.5986
1.59978
1.59561
1.58873
1.58231
1.57823
1.57641
1.57552
1.57464
1.57392
1.57439
1.57709
1.58227
1.58939
1.59804
1.60872
1.62197
1.63657
1.64907
1.65529
1.65262
1.64177
1.62656
1.61202
1.60161
1.59567
1.59216
1.58875
1.58486
1.58193
1.58202
1.58541
1.58935
1.58944
1.5829
1.57063
1.55682
1.54629
1.54128
1.54065
1.54225
1.54525
1.55031
1.55852
1.57041
1.5854
1.6019
1.61786
1.63152
1.64174
1.64793
1.65007
1.64873
1.64504
1.64002
1.63405
1.62679
1.61769
1.60635
1.59272
1.57704
1.55967
1.54127
1.52333
1.50878
1.50152
1.50419
1.51591
1.53217
1.54706
1.55595
1.55675
1.54979
1.53717
1.52201
1.50746
1.49583
1.48809
1.48367
1.48113
1.47971
1.48087
1.48754
1.50148
1.52137
1.54364
1.56467
1.58199
1.59411
1.59975
1.59739
1.58573
1.5645
1.53492
1.50043
1.46779
1.44698
1.44664
1.46714
1.50049
1.53678
1.56751
1.58571
1.58701
1.5706
1.53848
1.49432
1.4432
1.39217
1.35035
1.3272
1.32867
1.35417
1.39662
1.44526
1.48942
1.52167
1.53929
1.54369
1.53856
1.52797
1.51517
1.50231
1.49067
1.48105
1.47397
1.46949
1.46675
1.46411
1.45992
1.45367
1.44712
1.44447
1.4506
1.46728
1.49121
1.51632
1.53724
1.55089
1.55636
1.55417
1.54616
1.53567
1.52738
1.5254
1.53092
1.54251
1.5585
1.57779
1.59852
1.6176
1.63194
1.64031
1.64401
1.64554
1.64609
1.6441
1.63664
1.62206
1.60178
1.57961
1.55985
1.5461
1.54119
1.54577
1.55678
1.56933
1.58033
1.58948
1.59751
1.60484
1.61155
1.61756
1.62229
1.62465
1.62399
1.62085
1.61727
1.61635
1.62049
1.62937
1.63965
1.647
1.64828
1.64206
1.62824
1.60799
1.58403
1.5604
1.54173
1.53169
1.53146
1.53896
1.54997
1.56035
1.5679
1.57237
1.57412
1.57307
1.56862
1.56016
1.54747
1.53095
1.5121
1.4941
1.48177
1.47989
1.49067
1.5125
1.54111
1.57168
1.60046
1.6251
1.64447
1.65815
1.66592
1.6674
1.66266
1.65284
1.64012
1.62713
1.61606
1.60799
1.60247
1.59802
1.59293
1.58624
1.57809
1.56949
1.56179
1.55607
1.55268
1.55104
1.54965
1.54688
1.54293
1.54157
1.54767
1.56092
1.5746
1.58149
1.57865
1.56739
1.55146
1.53559
1.52431
1.52096
1.5269
1.5412
1.56092
1.58142
1.59721
1.60382
1.59969
1.58733
1.57273
1.563
1.56263
1.57143
1.58554
1.60029
1.61186
1.61763
1.616
1.60599
1.58687
1.55805
1.51973
1.4744
1.42819
1.39077
1.37122
1.37202
1.38689
1.40541
1.419
1.42375
1.42045
1.41352
1.40931
1.41356
1.42904
1.45521
1.48919
1.52667
1.56277
1.59334
1.61642
1.63244
1.64316
1.65009
1.65388
1.6546
1.6522
1.64701
1.64022
1.63351
1.62758
1.62141
1.61329
1.60269
1.59032
1.57677
1.56136
1.54284
1.52208
1.50411
1.49565
1.49928
1.51131
1.52573
1.53872
1.54967
1.55984
1.57073
1.58291
1.59544
1.60608
1.6123
1.61184
1.60288
1.5845
1.55776
1.52712
1.5003
1.48549
1.48634
1.49961
1.51785
1.53342
1.54056
1.53679
1.52437
1.51035
1.50299
1.50674
1.52015
1.53854
1.55764
1.57553
1.5922
1.6079
1.6216
1.63063
1.63154
1.62177
1.60154
1.57499
1.54923
1.53091
1.5228
1.52317
1.52785
1.53336
1.53886
1.54544
1.55397
1.56355
1.57159
1.5749
1.57097
1.55895
1.54033
1.51893
1.5
1.48852
1.48685
1.49373
1.5051
1.51619
1.52337
1.52499
1.52123
1.51407
1.50796
1.50988
1.52543
1.5534
1.58659
1.61771
1.64253
1.65931
1.66797
1.66953
1.66567
1.65802
1.64743
1.63372
1.61658
1.59803
1.5834
1.57801
1.58239
1.59222
1.60264
1.61062
1.61464
1.61375
1.60758
1.59716
1.58573
1.57813
1.57781
1.58373
1.59079
1.59368
1.59076
1.58444
1.57833
1.57369
1.56877
1.56105
1.54953
1.53495
1.51889
1.50298
1.48882
1.47793
1.47123
1.4685
1.46847
1.47
1.47335
1.47932
1.48677
1.49276
1.49568
1.49675
1.49852
1.50263
1.50913
1.51668
1.52279
1.52481
1.52186
1.51696
1.51624
1.52356
1.53576
1.54528
1.5465
1.53868
1.52486
1.50988
1.49833
1.49308
1.49483
1.50245
1.51383
1.52687
1.53986
1.55192
1.56365
1.57664
1.5904
1.60027
1.60002
1.58653
1.56173
1.532
1.50614
1.49255
1.49572
1.51428
1.54204
1.57119
1.59521
1.61018
1.61502
1.61115
1.60153
1.5891
1.57533
1.55958
1.54048
1.51815
1.49525
1.47617
1.46533
1.46585
1.47807
1.49844
1.52054
1.53837
1.54895
1.55348
1.55637
1.56204
1.57183
1.58395
1.59535
1.60325
1.60601
1.60372
1.59796
1.59042
1.58172
1.57205
1.56268
1.55574
1.55214
1.55022
1.5474
1.5434
1.54132
1.54485
1.55388
1.56366
1.56823
1.56372
1.54893
1.52448
1.49221
1.45535
1.41889
1.38881
1.37008
1.36448
1.37069
1.38625
1.40894
1.43635
1.46522
1.49166
1.5122
1.52475
1.5292
1.52782
1.52472
1.52402
1.5275
1.5341
1.54186
1.55021
1.56082
1.57653
1.59899
1.62729
1.65853
1.68929
1.71614
1.73552
1.74382
1.73783
1.7162
1.68247
1.6475
1.62334
1.61055
1.59887
1.58077
1.55797
1.53699
1.52209
1.51382
1.51254
1.51992
1.53664
1.56038
1.58694
1.61269
1.63546
1.91726
1.93124
1.93435
1.92278
1.89628
1.85706
1.80777
1.75175
1.69586
1.64985
1.62127
1.61133
1.61539
1.62613
1.63689
1.64359
1.64547
1.64475
1.6448
1.64747
1.65158
1.65385
1.65138
1.6445
1.63926
1.64552
1.6691
1.70665
1.75024
1.79306
1.82941
1.85418
1.86484
1.86184
1.84666
1.82156
1.79147
1.76362
1.74239
1.72705
1.71644
1.71254
1.71823
1.7337
1.75529
1.77688
1.79224
1.79703
1.78986
1.77283
1.75077
1.72944
1.71322
1.70383
1.70053
1.70153
1.70547
1.71213
1.72221
1.73631
1.7538
1.77231
1.78897
1.80346
1.81941
1.84139
1.86993
1.90013
1.92421
1.93498
1.92783
1.90182
1.86051
1.81196
1.76689
1.73489
1.71968
1.71792
1.72387
1.73482
1.75142
1.77391
1.80046
1.82864
1.85755
1.88783
1.91934
1.94904
1.97121
1.98038
1.97446
1.95571
1.92936
1.90018
1.86971
1.83746
1.80488
1.7769
1.75943
1.75514
1.76131
1.77099
1.77645
1.77228
1.75645
1.73032
1.69893
1.67105
1.65685
1.66172
1.68232
1.70982
1.73632
1.75778
1.77321
1.78279
1.78654
1.78399
1.77464
1.75831
1.73528
1.70641
1.67368
1.64074
1.61284
1.59601
1.59539
1.61265
1.64396
1.6808
1.71386
1.73736
1.75037
1.75524
1.75529
1.75364
1.75286
1.7548
1.76011
1.76818
1.77792
1.78855
1.79965
1.80992
1.81631
1.81455
1.80048
1.77184
1.72963
1.6788
1.62739
1.58386
1.55436
1.54198
1.54726
1.56786
1.59866
1.63359
1.66822
1.70059
1.73022
1.75667
1.77895
1.79559
1.8051
1.80662
1.80046
1.78883
1.77624
1.76879
1.77112
1.78306
1.79931
1.81324
1.82082
1.82217
1.82063
1.82069
1.82533
1.83413
1.84365
1.84972
1.84963
1.84308
1.83181
1.81888
1.80771
1.80106
1.80035
1.80534
1.81463
1.82625
1.8378
1.84608
1.84656
1.83316
1.79974
1.74487
1.68054
1.63561
1.63253
1.65949
1.68824
1.70266
1.70151
1.69171
1.68384
1.68808
1.70821
1.73864
1.76937
1.79287
1.80596
1.8084
1.80108
1.78541
1.76329
1.73722
1.71053
1.68717
1.67131
1.66599
1.67175
1.68595
1.70383
1.7202
1.7307
1.7318
1.72065
1.69599
1.66024
1.62095
1.5891
1.57383
1.57841
1.60063
1.63496
1.67377
1.70875
1.73337
1.74464
1.74294
1.731
1.71322
1.69504
1.68196
1.67802
1.68431
1.69868
1.71692
1.73434
1.74719
1.75329
1.75206
1.74449
1.73319
1.72209
1.71509
1.7142
1.71806
1.72233
1.72198
1.71392
1.69849
1.67897
1.65972
1.64449
1.63578
1.63542
1.64517
1.66626
1.69767
1.73499
1.7712
1.79956
1.81604
1.81971
1.81152
1.79357
1.77003
1.74771
1.73259
1.72395
1.71428
1.69744
1.67753
1.66905
1.68147
1.7052
1.72239
1.72287
1.70624
1.67773
1.6451
1.61708
1.60175
1.60456
1.62663
1.66409
1.70909
1.75276
1.78804
1.8113
1.82251
1.82458
1.8221
1.81919
1.81722
1.8145
1.80819
1.79665
1.7795
1.7561
1.72523
1.68731
1.6464
1.60954
1.58388
1.57371
1.57936
1.59838
1.62767
1.66468
1.70613
1.74602
1.77716
1.79529
1.8008
1.79817
1.79444
1.79573
1.80344
1.8145
1.82456
1.82983
1.82717
1.81478
1.79368
1.7688
1.74818
1.73946
1.74595
1.76538
1.79132
1.81495
1.8279
1.82588
1.81017
1.78592
1.75946
1.73563
1.71616
1.69944
1.68203
1.66073
1.63438
1.60525
1.57909
1.5629
1.56098
1.57317
1.59616
1.62545
1.65601
1.6838
1.70824
1.73305
1.76187
1.79268
1.81908
1.83626
1.84324
1.84171
1.8347
1.8256
1.81743
1.81229
1.81126
1.81399
1.81833
1.82093
1.81876
1.81015
1.79491
1.77523
1.75696
1.74687
1.74533
1.74412
1.73432
1.71352
1.68603
1.65893
1.63855
1.62919
1.6329
1.64872
1.67205
1.69537
1.71141
1.71567
1.70723
1.68874
1.66597
1.64622
1.63545
1.6356
1.64432
1.65741
1.67115
1.68327
1.69237
1.69741
1.69736
1.69087
1.67663
1.65541
1.63318
1.62076
1.62634
1.649
1.6817
1.71681
1.74766
1.76918
1.77882
1.77667
1.76473
1.74658
1.72719
1.71164
1.70266
1.69922
1.69797
1.69608
1.69296
1.68966
1.68686
1.68347
1.67763
1.66868
1.65839
1.64979
1.64416
1.639
1.62959
1.61228
1.58706
1.55869
1.53574
1.52693
1.53583
1.55847
1.58658
1.61304
1.63441
1.65066
1.66381
1.67612
1.68865
1.70081
1.71096
1.71784
1.72189
1.7246
1.72673
1.72752
1.72568
1.72115
1.71577
1.71239
1.71337
1.71942
1.72937
1.74054
1.74951
1.75356
1.75209
1.74597
1.73577
1.72119
1.70157
1.67637
1.64647
1.61618
1.59295
1.58397
1.59189
1.61304
1.63939
1.66266
1.6775
1.68202
1.67674
1.66365
1.64604
1.62881
1.61787
1.6181
1.63103
1.65463
1.68537
1.7198
1.75511
1.78841
1.81657
1.8371
1.84923
1.85369
1.85215
1.84707
1.84131
1.8359
1.82742
1.80871
1.77402
1.72463
1.67101
1.62942
1.61379
1.62707
1.65944
1.69545
1.72344
1.74046
1.75158
1.76428
1.78167
1.80122
1.81837
1.82968
1.83355
1.82969
1.81844
1.8001
1.77474
1.74274
1.70587
1.66768
1.63231
1.6028
1.58019
1.56386
1.55315
1.54984
1.5582
1.58024
1.61173
1.64585
1.67837
1.70815
1.73481
1.75743
1.7747
1.78586
1.79164
1.79431
1.79658
1.80064
1.80789
1.81871
1.83182
1.84397
1.85097
1.84952
1.83862
1.82025
1.79928
1.78186
1.77179
1.76817
1.76805
1.76998
1.77333
1.77614
1.77544
1.76884
1.75507
1.73394
1.70676
1.67684
1.64889
1.62696
1.61288
1.60667
1.60787
1.61572
1.62855
1.64401
1.66056
1.67851
1.69937
1.7241
1.75145
1.77782
1.79832
1.8084
1.80547
1.79026
1.76763
1.74523
1.72968
1.72282
1.72154
1.72065
1.71635
1.70869
1.70151
1.69925
1.70352
1.71235
1.72261
1.73268
1.74317
1.7556
1.77036
1.78603
1.80031
1.8114
1.81875
1.82312
1.82657
1.83201
1.84233
1.85851
1.87841
1.89717
1.90932
1.91084
1.90042
1.87976
1.85306
1.82576
1.80275
1.78614
1.77397
1.76169
1.74563
1.72559
1.70484
1.68805
1.67827
1.67499
1.6745
1.67147
1.66092
1.6404
1.61212
1.58422
1.56877
1.57517
1.60277
1.64087
1.6764
1.70094
1.7122
1.71189
1.70354
1.69178
1.68294
1.68415
1.69875
1.72255
1.7471
1.76652
1.78026
1.79107
1.80147
1.81128
1.81788
1.81845
1.81194
1.79945
1.78295
1.76375
1.74151
1.71472
1.68252
1.64686
1.6137
1.59137
1.58629
1.59836
1.6201
1.64116
1.65439
1.65858
1.65705
1.65439
1.65355
1.65441
1.65427
1.6498
1.63947
1.6256
1.61417
1.6116
1.62044
1.63929
1.66569
1.696
1.72416
1.74502
1.75698
1.76077
1.75767
1.74962
1.74097
1.73842
1.74562
1.75841
1.76877
1.77228
1.77004
1.76553
1.76085
1.75616
1.75303
1.75585
1.7664
1.77869
1.78364
1.77744
1.7648
1.75603
1.75925
1.77338
1.79008
1.80156
1.80491
1.8015
1.79504
1.78969
1.78825
1.79119
1.79698
1.80271
1.80489
1.80052
1.78809
1.76844
1.74544
1.7253
1.71378
1.71276
1.71922
1.72755
1.73269
1.73161
1.72339
1.70954
1.69471
1.68632
1.69197
1.71535
1.75402
1.80083
1.84724
1.88593
1.9119
1.92267
1.91807
1.89964
1.87
1.83278
1.79315
1.75772
1.7327
1.72081
1.7199
1.72444
1.72857
1.72848
1.72348
1.71578
1.70894
1.70541
1.7053
1.7083
1.71581
1.72967
1.7488
1.76913
1.78681
1.80042
1.81044
1.81719
1.81912
1.81289
1.79586
1.76929
1.73931
1.71325
1.69466
1.68294
1.67667
1.67562
1.68007
1.68995
1.70566
1.72953
1.76361
1.805
1.84667
1.88312
1.91124
1.92817
1.93114
1.9189
1.89237
1.85415
1.80809
1.75898
1.71233
1.67345
1.64654
1.63435
1.63802
1.65652
1.68664
1.72361
1.76166
1.79457
1.81737
1.82837
1.83
1.82696
1.82231
1.81554
1.80491
1.79054
1.7747
1.75996
1.74785
1.73828
1.72953
1.71903
1.70534
1.68965
1.67485
1.66355
1.65729
1.6572
1.6639
1.67659
1.69272
1.70914
1.72345
1.73421
1.74063
1.7424
1.74024
1.73675
1.73642
1.74371
1.7601
1.78263
1.80575
1.82436
1.83545
1.83794
1.83155
1.81595
1.79071
1.75661
1.71683
1.6773
1.64525
1.62654
1.62288
1.63095
1.64397
1.65468
1.65748
1.64965
1.63193
1.60877
1.58734
1.57485
1.5756
1.58956
1.61345
1.64316
1.67571
1.70941
1.74216
1.77026
1.78896
1.79467
1.78889
1.78088
1.78119
1.78939
1.79627
1.79672
1.7932
1.79058
1.79106
1.79304
1.7932
1.78971
1.78407
1.78014
1.78052
1.78333
1.7826
1.77175
1.74751
1.7136
1.6824
1.66929
1.67871
1.69893
1.71421
1.71698
1.70896
1.69665
1.68669
1.68254
1.68285
1.68345
1.68097
1.67483
1.66662
1.65818
1.65075
1.64595
1.64722
1.6579
1.67691
1.69792
1.71345
1.71834
1.71037
1.69038
1.66314
1.63757
1.62429
1.63075
1.65724
1.69731
1.742
1.78363
1.81727
1.84053
1.85303
1.85612
1.85266
1.84665
1.842
1.84113
1.8437
1.84682
1.84621
1.83751
1.81802
1.78979
1.76256
1.75058
1.76107
1.78678
1.81259
1.82585
1.82057
1.7967
1.75865
1.71402
1.67198
1.64166
1.6309
1.64328
1.67359
1.70938
1.73884
1.75605
1.76031
1.75386
1.74109
1.72855
1.72234
1.72334
1.72686
1.7272
1.72145
1.70978
1.69462
1.67966
1.6686
1.6638
1.66572
1.67316
1.6839
1.69546
1.70593
1.71466
1.72248
1.73135
1.74313
1.75822
1.77517
