0
1.3786
1.61211
1.61211
1.61211
1.64518
2.75774
2.88526
3.38887
3.56604
2.86827
2.20215
2.20215
2.20215
2.20215
1.91231
1.44319
1.44319
1.23581
2.56821
3.2619
3.41734
4.50626
5.2686
5.2686
4.9834
4.9834
4.91959
4.5859
4.84798
4.84798
4.24945
4.24945
4.70679
4.20078
4.47668
4.47668
3.34198
4.19863
4.19863
2.78682
2.81739
2.59484
2.2869
2.2869
3.15743
2.74981
2.74981
2.11296
2.11296
2.31242
2.66511
3.87453
5.08616
5.13943
5.97173
5.9994
7.28339
7.78708
7.78708
7.78708
8.30112
8.30112
7.63574
8.04893
8.46345
8.82423
9.3218
9.27408
9.86294
10.5084
10.5084
9.75234
9.66925
8.97598
10.2282
10.6138
10.2856
10.5177
10.0585
9.00192
7.68255
7.68255
7.68255
6.98584
6.98584
7.89523
6.57627
5.82357
5.66612
4.53149
4.53149
4.69615
4.45942
3.38799
2.97048
2.97048
3.98225
3.41485
4.33101
4.33101
5.22253
5.89698
4.85981
4.45813
4.86105
4.86105
3.49147
2.52326
2.82141
3.30023
3.30023
3.30023
3.30023
2.9488
2.89035
2.89035
2.89035
3.44892
2.93385
3.31163
3.01249
2.61171
2.96068
3.59284
3.3634
3.30638
3.90908
4.20059
2.96097
2.3628
1.91385
1.26853
1.44327
2.79905
2.58174
2.58174
4.22192
3.65981
3.95248
5.06744
5.67556
4.91094
5.56655
5.56655
4.0908
4.28155
4.16594
4.23056
3.76878
3.94737
4.53836
4.82117
5.73772
5.66302
5.70779
6.85414
6.85414
6.30436
5.96773
5.22085
5.72032
5.30091
4.9521
4.78357
4.67021
4.49392
4.78421
4.78421
3.74653
3.61056
2.18854
2.68416
2.56814
2.56814
2.73621
2.59584
1.90358
3.03919
3.03919
3.03919
4.42238
4.42238
4.6523
4.6523
4.61964
4.27828
5.21977
5.26339
4.70367
4.36959
4.62447
4.90997
5.00572
4.85668
4.92156
4.92156
5.90421
6.03025
5.65995
5.30217
4.7721
4.7721
3.84903
2.99662
2.49865
2.88569
2.88569
3.27976
3.10086
2.49613
3.56084
3.56084
3.56084
2.91187
2.91187
2.91187
3.10448
3.10448
3.10448
2.29607
2.29607
2.41302
2.89237
3.69707
4.18534
4.18534
4.86727
4.86727
4.90632
4.90632
4.90632
5.50914
4.3479
3.7984
4.21889
3.38926
3.57953
3.57953
4.82107
3.44927
1.99002
3.11883
3.11883
3.11883
4.0084
4.93667
4.91973
4.68566
5.13572
5.13572
5.07341
4.57936
4.0052
4.0052
3.11422
3.60773
4.6428
4.6428
3.49907
3.65008
2.90964
2.64157
2.64157
2.64157
0.801079
1.82026
1.82026
2.88577
2.29992
1.73211
1.86138
1.86138
2.43999
2.41954
2.8847
3.17444
3.17444
4.14911
4.14911
5.1914
5.99117
6.45885
5.18217
4.76238
4.32293
3.4318
3.22927
3.03204
2.06571
2.61184
2.32407
2.32407
3.16789
3.16789
3.1723
3.1723
2.3041
2.3041
2.3041
2.3041
2.5395
2.5395
3.59214
2.75401
2.29129
2.3726
2.28083
2.28083
3.72762
2.91918
3.59151
4.61917
5.07918
4.50302
4.0134
4.36
2.71619
4.2014
5.62679
4.73371
4.73371
4.5414
5.32357
5.82366
4.17394
5.13455
4.74224
6.01102
5.69746
4.9075
4.9075
4.83816
4.15477
4.15477
3.58643
4.15387
3.81053
3.81053
4.30014
3.786
4.92748
4.92748
5.47938
6.34714
5.4668
5.06117
4.78853
4.73782
4.48005
4.94189
4.64695
4.18096
5.11411
5.53632
5.53632
6.49048
7.48785
7.79564
6.8247
6.24368
6.06679
5.47136
6.09046
6.09046
7.28095
7.04227
6.80988
6.80988
7.68555
7.42568
7.2908
7.05922
5.92941
5.16322
5.02928
5.02928
6.06427
5.60014
5.60014
5.48429
6.62056
6.48871
5.87621
5.87621
6.67208
6.67208
6.1485
5.95694
6.01613
6.01613
6.01613
6.49533
5.94531
6.19364
5.5972
5.5972
4.40362
2.87564
2.87564
3.6444
2.65334
2.44142
2.79531
2.06632
2.06632
2.93259
3.43272
3.98209
2.96078
3.78297
4.2835
4.67667
5.03702
5.59956
6.19331
6.12779
5.54523
5.54523
4.89655
4.89655
5.04541
4.56809
4.54946
4.10415
4.10415
4.10415
4.10415
3.52665
3.52665
3.75599
4.04599
3.45724
4.0059
4.0059
3.19365
2.40972
2.40972
2.92406
3.27955
4.39026
4.07164
4.07164
4.62105
3.48232
3.48232
4.14096
4.90927
4.32558
3.83137
2.73005
1.94274
2.97531
3.20572
3.52877
2.81044
2.59692
0.957632
2.20933
2.20933
2.10603
2.10603
2.10603
2.10603
2.87596
2.43947
1.91723
1.91723
1.49577
2.30331
2.30331
2.56193
3.35099
3.03158
3.6174
4.53982
4.53982
5.80121
7.22727
7.49698
7.64122
8.59765
7.67787
7.67787
7.99442
7.85149
7.5985
7.8714
8.21291
9.01285
8.70012
8.44346
8.84151
10.3344
10.2013
9.33992
8.83931
8.83931
9.13639
9.27197
7.76816
7.52509
7.64251
7.15303
5.9385
5.31439
4.38334
4.38334
4.97865
5.68527
4.72167
4.84241
3.51906
3.51906
3.30035
2.85522
4.13227
3.03575
3.03575
3.03575
3.03575
2.14057
1.95381
2.6672
3.7594
3.7594
3.7594
4.37849
5.31264
5.31264
4.99855
5.39537
5.27366
4.76072
5.1378
3.46307
3.46307
4.3194
5.14899
5.52569
6.09815
5.75768
6.14122
5.47416
4.13923
4.13923
4.46479
5.00471
5.00471
5.00471
5.57485
5.57485
5.81904
6.50129
6.88492
6.2551
6.57363
6.34907
6.26409
6.04201
5.79171
5.76301
4.80985
4.09401
4.09401
4.09401
4.90247
4.90247
4.90247
5.36706
4.83087
4.83087
5.38001
4.60079
3.38553
2.9454
3.11542
2.73718
1.90392
3.27302
2.4734
2.4734
2.84605
2.84605
2.84605
3.72582
3.23942
4.05941
4.05941
4.30139
4.59932
4.94913
4.94913
4.69267
4.69267
4.44278
4.11932
4.11932
2.86159
3.65919
5.1731
4.89272
4.89272
5.36998
4.94898
5.16671
5.16671
5.16918
5.34104
5.34104
6.32052
6.66674
6.66674
5.9084
6.71631
5.52552
5.52552
4.38906
4.38906
5.00408
5.00597
5.00597
5.00597
6.06672
6.06672
7.12879
6.84236
6.97031
6.97031
6.97031
6.47923
6.54828
6.27244
6.6267
6.95978
5.91318
5.39473
4.09106
3.35348
3.35348
2.74644
3.2227
2.7563
3.87019
4.17239
2.89025
1.39746
1.39746
1.39746
2.44344
3.42959
3.52236
3.52236
4.43995
4.43995
4.80248
4.80248
4.80248
4.80248
4.80248
4.80248
3.13983
1.90235
2.31433
2.33256
2.33256
2.38376
2.38376
2.38376
2.38376
2.38376
3.64219
3.64219
4.48608
4.64362
3.57767
3.09607
3.13541
2.83115
2.10715
2.27073
3.11121
3.11121
2.87123
2.35769
2.976
3.1312
3.49387
3.49387
3.49387
3.49387
3.49387
3.79731
3.79731
3.79731
3.79731
3.44293
4.64199
4.19414
4.19414
4.37165
4.18015
4.12154
3.37972
3.37972
2.80683
3.40424
3.40424
2.50577
1.38109
1.5052
2.35311
2.35311
2.35311
1.64857
1.64857
2.35034
2.76445
3.51613
2.98277
3.41315
3.36228
3.03469
2.54798
3.5424
3.35922
3.35922
3.35922
2.66227
3.24398
5.07744
4.60319
4.8377
4.25118
3.947
3.947
4.84313
5.7311
6.11574
6.31331
5.46114
4.84934
4.84934
5.08285
4.90913
4.02753
4.17516
4.17516
4.70352
5.95049
5.02824
5.02824
4.62153
3.23268
3.23268
4.02853
2.78443
2.78443
2.78443
2.78443
2.85188
4.0889
3.96744
2.99661
2.78871
2.78871
3.36288
2.72286
3.65596
2.57668
2.68587
3.0577
3.53053
3.3386
4.36338
4.36338
3.61014
3.22967
3.22967
3.22967
3.22967
3.18463
4.46269
5.23634
5.00696
5.05353
4.95583
5.46301
5.47508
6.342
6.81453
6.81453
6.68054
6.14845
5.46116
5.46116
3.85453
2.43036
2.59332
3.86346
3.86346
4.27116
4.54971
4.03412
4.26711
2.96541
2.4904
2.4904
2.4904
1.79059
2.4667
2.74541
2.10017
2.10017
2.10017
1.57226
2.1801
2.98855
3.84378
2.85476
3.64626
3.85305
3.85305
3.85305
4.14788
4.10063
4.65201
3.54709
4.5124
4.75451
5.22041
4.81943
5.25591
4.28208
4.45189
4.34039
4.34039
3.57123
2.80122
3.62578
2.50962
2.06693
2.06693
2.06693
3.78339
3.08894
3.55436
4.04348
4.6868
4.99391
4.3405
4.3405
3.77863
3.77863
5.09474
5.09474
5.62102
4.83741
4.83741
4.37674
3.68092
2.75324
2.32237
2.65773
2.65773
2.65773
2.65773
2.65773
3.60681
3.95636
3.05408
3.05408
3.05408
4.25465
3.94999
3.04765
3.04765
3.92871
3.917
3.51435
3.27988
3.40927
3.64609
3.44084
4.58975
5.4117
7.21014
7.22233
8.39465
8.08975
7.71356
6.40259
6.40259
6.39203
6.13207
6.13207
5.44722
5.44722
4.72371
5.78653
5.78653
5.31217
5.94845
4.85876
4.14967
3.89106
3.89106
4.36644
3.12327
4.17009
4.17009
5.15597
5.70475
5.49818
6.04316
6.13458
5.25426
5.25426
5.25426
5.6075
6.05359
5.04091
5.04091
5.34463
4.95884
5.64504
6.15506
7.03772
6.03926
6.03926
6.80222
6.80222
6.31016
6.39352
5.11578
5.11578
4.79589
4.79589
4.79589
5.36048
4.16735
5.64778
5.5721
5.68467
5.63269
4.30131
3.74244
3.57493
3.00553
3.73625
4.20693
4.4218
5.32932
5.41925
5.41925
5.41925
5.41925
5.7908
5.51161
5.28417
5.56631
4.56728
4.56728
3.38364
3.27102
3.27102
3.63894
4.77968
5.0548
4.99311
5.90745
5.90745
5.74213
4.27043
3.93813
4.15843
4.74442
4.74442
4.70045
4.5926
3.7367
3.7367
4.4707
4.4707
4.22097
4.22097
4.27894
4.70582
4.70582
4.70582
4.88587
4.88587
6.20586
6.20586
5.77678
5.77678
6.18182
6.18182
6.83481
6.83481
