5.36482 inf
5.27385 0.0909718
5.15559 0.129391
5.06351 0.129809
5.01484 0.111712
5.01727 0.0912447
4.97508 0.0879052
5.0134 0.085231
5.04013 0.0797783
5.02885 0.0722415
5.03018 0.0653583
5.00025 0.0667502
5.00707 0.0617792
5.01048 0.0572981
4.98868 0.0576267
5.00044 0.0551732
5.00987 0.0526765
4.98939 0.0537181
4.98263 0.0512604
4.98329 0.0486345
5.00184 0.0498395
5.00291 0.0475322
5.0084 0.0457489
5.01656 0.0445552
5.02359 0.0433101
5.02165 0.0416563
5.02308 0.0401093
5.02034 0.0387474
5.01857 0.0374288
5.02492 0.0367125
5.00634 0.0400746
4.99945 0.0394103
4.99961 0.0381977
4.99886 0.0370648
4.99453 0.0362499
5.00488 0.0367171
5.00492 0.035711
5.00602 0.034776
5.00069 0.0342894
5.01279 0.0355445
5.0136 0.0346763
5.01311 0.0338441
5.0089 0.0333154
4.99844 0.0341877
4.99118 0.0341985
4.99278 0.0334847
4.99204 0.0327729
4.99291 0.0320947
4.99319 0.0314341
4.99512 0.0308595
4.99653 0.0302812
5.00112 0.0300461
5.01099 0.031083
5.01213 0.0305229
5.00856 0.0301748
5.01158 0.029785
5.02315 0.0314645
5.02564 0.0310166
5.0225 0.0306469
5.01699 0.0306317
5.01629 0.0301335
5.01658 0.0296449
5.01029 0.0298406
5.00699 0.0295564
5.0078 0.0291096
5.01068 0.0288091
5.01398 0.0285673
5.00991 0.0284368
5.01314 0.0282073
5.01338 0.0278024
5.01426 0.0274222
5.01425 0.0270387
5.00876 0.0272261
5.00909 0.0268577
5.00771 0.0265329
5.01254 0.0266241
5.01049 0.0263566
5.01378 0.0262239
5.01082 0.0260584
5.01093 0.0257308
5.01245 0.0254566
5.01263 0.0251449
5.01322 0.0248472
5.01464 0.0245902
5.01328 0.024337
5.0161 0.0242172
5.01417 0.0240151
5.01214 0.0238267
5.0135 0.0235962
5.01193 0.0233853
5.01078 0.0231552
5.00905 0.0229676
5.00816 0.0227366
5.01 0.0225683
5.0088 0.0223618
5.00815 0.0221371
5.01013 0.0219965
5.00953 0.0217791
5.00846 0.0215846
5.0104 0.021456
