1.47504 nan
1.50665 0.0316116
1.52493 0.0258266
1.47332 0.0547434
1.48806 0.0448927
1.50009 0.0385773
1.50004 0.0326038
1.51225 0.0307649
1.50769 0.0275137
1.50946 0.0246732
1.50604 0.0225787
1.50883 0.0207995
1.506 0.0193408
1.50377 0.0180442
1.50005 0.0172054
1.50084 0.0161134
1.49198 0.0175387
1.48785 0.0170431
1.48991 0.0162523
1.49129 0.0154794
1.49427 0.0150225
1.50257 0.016558
1.50834 0.0168408
1.512 0.0165327
1.50964 0.0160316
1.5144 0.0161194
1.51415 0.0155128
1.51976 0.0159644
1.51741 0.0155819
1.514 0.0154342
1.51365 0.0149323
1.51325 0.0144636
1.51045 0.0142947
1.50932 0.0139138
1.50952 0.0135118
1.50825 0.0131919
1.50861 0.0128354
1.50574 0.0128175
1.5052 0.0124964
1.50375 0.0122657
1.50549 0.0120893
1.50615 0.0118163
1.50536 0.0115655
1.50559 0.0113019
1.50547 0.0110485
1.50675 0.0108811
1.50627 0.010658
1.50491 0.0105215
1.50584 0.0103467
1.50502 0.0101706
1.50569 0.00999104
1.50619 0.00981011
1.50508 0.00968778
1.50235 0.00989015
1.50183 0.00972245
1.50362 0.00971284
1.50371 0.00954135
1.50669 0.00983735
1.50633 0.00967573
1.50667 0.0095191
1.50465 0.00957734
1.50678 0.00965907
1.50608 0.00953015
1.50746 0.00948099
1.50635 0.00939896
1.50595 0.00926423
1.50612 0.00912656
1.50503 0.00905809
1.50717 0.00917966
1.5072 0.00904761
1.50718 0.00891929
1.50589 0.00888748
1.50553 0.00877248
1.50397 0.00879281
1.50252 0.00879503
1.50363 0.00874923
1.50372 0.00863531
1.50333 0.00853272
1.50336 0.00842409
1.50221 0.00839843
1.5026 0.00830364
1.50346 0.00824668
1.5028 0.00817351
1.50329 0.00809039
1.50336 0.00799491
1.50168 0.00807736
1.50163 0.00798414
1.50007 0.00804455
1.49918 0.00800354
1.49854 0.00794002
1.5013 0.00832314
1.50141 0.00823287
1.50165 0.00814732
1.50038 0.00815896
1.50078 0.00808247
1.49894 0.00820654
1.49751 0.0082455
1.4984 0.00820916
1.5002 0.00832271
1.49977 0.00825031
