1.5176 inf
1.45769 0.0599044
1.46312 0.0350094
1.53743 0.0783177
1.51312 0.0653536
1.49714 0.055701
1.49143 0.0474215
1.509 0.0446701
1.50423 0.0396827
1.50684 0.0355892
1.51091 0.0324479
1.50142 0.0311058
1.49828 0.0287852
1.5061 0.0277739
1.50113 0.0263292
1.49639 0.0250813
1.49358 0.0237258
1.49817 0.0228338
1.49812 0.0215987
1.4968 0.0205326
1.49337 0.0198294
1.49195 0.0189601
1.49435 0.0182757
1.49647 0.0176263
1.50028 0.0173286
1.50085 0.0166585
1.49785 0.0163063
1.50056 0.0159447
1.49694 0.0158048
1.49874 0.015374
1.50355 0.015628
1.49912 0.0157664
1.49812 0.0153139
1.49598 0.0150092
1.49541 0.0145855
1.49564 0.0141764
1.49584 0.0137894
1.49267 0.0137902
1.49015 0.0136654
1.49349 0.0137297
1.49339 0.013391
1.49185 0.013158
1.49285 0.0128872
1.49194 0.0126238
1.49172 0.0123421
1.49534 0.012601
1.49711 0.0124568
1.49384 0.0126252
1.49097 0.0126943
1.49148 0.0124484
1.4908 0.0122208
1.48849 0.0122036
1.48799 0.0119817
1.48515 0.0120963
1.48376 0.0119554
1.48509 0.0118158
1.48547 0.0116129
1.48439 0.0114626
1.48369 0.011288
1.48685 0.0115395
1.48519 0.01147
1.48547 0.0112869
1.48767 0.0113214
1.48724 0.0111514
1.48883 0.011093
1.48814 0.0109455
1.48771 0.0107892
1.4865 0.0106988
1.48509 0.0106354
1.48711 0.0106745
1.48735 0.0105258
1.48768 0.0103839
1.48906 0.0103333
1.49092 0.0103608
1.49177 0.0102566
1.49253 0.0101496
1.49364 0.0100781
1.49237 0.010029
1.49263 0.0099048
1.4922 0.00979003
1.49528 0.0101491
1.49773 0.0103202
1.4989 0.0102618
1.4997 0.0101699
1.50125 0.0101685
1.50061 0.01007
1.50065 0.00995371
1.50056 0.00984035
1.50362 0.0101982
1.50287 0.010112
1.50388 0.0100515
1.50565 0.0100982
1.50577 0.00998965
1.50789 0.0101085
1.50699 0.0100419
1.50727 0.00994075
1.50759 0.00984301
1.50849 0.00978313
1.50684 0.00982385
1.50785 0.00977804
