4.88083 nan
4.93988 0.0590551
5.00875 0.0768458
4.9898 0.0575481
4.96822 0.0495264
4.94639 0.0459525
4.97714 0.0495339
4.99586 0.0468047
4.97034 0.0485296
4.98627 0.0462371
5.02727 0.0585721
5.03967 0.054886
5.05704 0.0533928
5.0643 0.0499625
5.04718 0.0495615
5.05191 0.0466014
5.04219 0.0448416
5.02392 0.0460543
5.03229 0.0443587
5.02606 0.0425402
5.0247 0.0404866
5.02678 0.0386583
5.03145 0.0372332
5.02532 0.0361706
5.01885 0.035293
5.00994 0.0350591
5.01248 0.0338309
5.02473 0.0348271
5.02633 0.0336426
5.02497 0.0325301
5.02562 0.0314698
5.02107 0.0308074
5.02147 0.0298618
5.01747 0.0292455
5.0301 0.0310799
5.0275 0.0303156
5.0282 0.0294933
5.0284 0.0287073
5.02915 0.0279715
5.02685 0.0273602
5.02946 0.0268125
5.03609 0.0269925
5.02802 0.0275648
5.02191 0.0276149
5.02233 0.0269974
5.02129 0.0264241
5.02249 0.0258836
5.02379 0.0253717
5.0205 0.0250644
5.01638 0.0249014
5.01817 0.0244736
5.01308 0.0245321
5.00784 0.0246282
5.00493 0.0243431
5.00614 0.023927
5.00846 0.0236103
5.00528 0.0234086
5.0032 0.0230952
4.99877 0.0231288
5.00368 0.0232635
5.0047 0.0229016
5.00298 0.0225944
4.9998 0.0224595
5.00161 0.0221793
4.99952 0.021935
4.99935 0.0216008
4.99897 0.0212793
4.99803 0.020985
5.00086 0.0208715
5.0044 0.0208722
5.00297 0.0206258
5.00012 0.0205354
4.99928 0.0202695
4.99418 0.0206339
4.99468 0.020363
4.9929 0.0201722
4.99783 0.0205095
4.99691 0.0202655
5.00359 0.0210939
4.99567 0.0222835
4.99724 0.0220622
4.99987 0.0219493
4.99622 0.021987
4.99546 0.0217373
4.99128 0.0218829
4.98686 0.0220724
4.98572 0.021847
4.98825 0.0217441
4.98954 0.0215373
4.99203 0.0214418
4.99594 0.0215631
4.99706 0.0213563
4.99518 0.0212083
4.99421 0.0210041
4.99653 0.0209113
4.9931 0.0209753
4.99146 0.0208225
4.99157 0.0206093
4.99391 0.0205337
4.99191 0.0204257
