32.9165
32.9165
29.9901
29.9901
29.9901
29.9901
30.0545
30.0545
30.0545
30.1268
30.1268
30.5866
31.295
31.295
31.295
31.295
31.295
31.295
31.295
31.295
31.295
31.5887
31.5887
31.5887
31.5887
31.0569
31.0569
31.0569
31.0569
31.0569
31.0569
31.0569
31.0569
31.0569
31.0569
31.0569
33.8199
33.8231
33.8231
33.8231
33.8918
33.8918
33.8918
33.8918
33.482
33.482
33.482
34.804
34.804
34.8419
34.8419
34.8419
34.8419
34.4788
34.4788
34.399
34.399
34.5845
33.7901
33.7901
33.7901
33.7901
33.8502
33.8502
33.9538
33.9538
33.9538
33.9538
33.9538
33.9538
33.9538
33.9538
33.9538
33.9538
33.9538
33.9538
33.9538
33.9538
35.8883
35.8883
35.8883
35.2066
36.9782
36.9782
36.9782
36.9782
38.0658
38.0658
38.0658
38.0658
39.6093
39.6093
39.6093
39.6093
42.8023
42.8023
42.8023
43.3603
43.4464
43.4853
43.4853
43.4853
44.3425
45.0484
45.0881
45.0881
44.9447
44.9447
44.8177
44.825
45.2304
45.2304
45.2304
46.5082
46.5082
46.5082
46.5082
46.5082
46.5082
46.9132
46.9132
48.5271
48.5271
48.5271
48.5271
48.5271
48.5271
48.8707
48.8707
48.8707
48.8707
49.9523
50.1236
50.1236
50.1236
49.3377
49.3377
52.3762
49.3549
49.3549
49.3549
49.3549
47.1042
49.7745
48.6637
48.6637
48.6637
48.6637
48.6637
48.6637
48.6637
48.6637
48.6637
46.3228
45.1684
45.1684
45.1684
44.8621
44.8621
43.5277
43.5277
43.5277
45.6357
45.6357
45.6357
45.8282
45.8282
45.8282
43.5352
43.5352
43.6365
43.6365
43.7361
43.7361
46.2512
46.2512
46.2512
46.2512
46.2512
46.2512
46.2512
46.2512
46.2512
43.2849
43.2849
43.1844
45.9853
45.5148
44.0464
44.0464
43.864
43.864
43.864
43.6969
43.6969
45.695
45.695
45.695
45.695
45.695
45.695
45.695
45.695
45.695
45.695
45.695
45.695
45.695
45.695
45.695
45.695
45.695
45.695
45.695
45.695
45.695
45.695
45.695
46.4087
46.4087
46.4087
46.4087
46.4087
46.4087
46.4087
46.4087
46.4087
46.4087
46.4087
46.4087
46.4087
46.4087
46.4087
46.4087
46.4087
46.4087
43.6843
43.6843
43.6843
42.0522
42.0522
42.0522
42.5086
42.5086
41.4821
41.4821
43.827
42.0279
42.0279
42.2331
42.2331
42.2633
42.2633
42.2633
39.2039
39.2039
39.2039
39.2039
38.4679
38.4679
38.4679
38.4679
40.1472
40.1472
40.1472
41.164
41.164
41.164
41.164
41.164
41.164
40.87
40.87
40.87
40.87
40.87
40.87
40.87
40.87
40.87
40.87
40.87
40.8602
40.8602
42.5831
42.5831
42.5831
42.5831
42.5831
42.5831
42.5831
42.5831
41.9653
41.9653
42.3896
42.3896
42.3896
42.3896
42.3896
42.3896
42.3896
42.3896
42.4727
42.4727
42.4727
42.4727
43.3816
43.3816
43.3816
43.3816
43.3816
43.3816
43.5989
43.5989
43.5989
44.1936
46.6982
46.2713
46.1778
46.1778
43.7528
43.8065
43.8065
43.8065
43.8065
43.8065
44.3798
44.3798
44.3798
44.3798
44.3798
43.0278
41.7446
41.7446
42.4588
42.4588
42.4588
42.4588
40.5923
40.5923
40.5923
40.5923
40.5923
40.5923
41.7967
40.8919
40.8919
40.1226
40.1226
38.1772
38.1772
37.8735
37.8735
38.0808
38.0808
38.0463
38.0463
39.9127
40.6651
40.6651
40.6651
40.6651
40.6651
41.4979
41.4979
41.4979
41.4979
42.6401
42.6401
42.4694
41.4516
41.4516
41.5941
41.5941
41.5941
41.5941
41.5941
41.5941
41.0081
40.8848
40.8848
41.988
41.988
42.0266
42.0266
41.2817
41.2817
41.2817
39.6962
39.6962
39.6962
39.6962
39.6962
39.5176
39.5176
39.5176
39.5176
39.5176
39.5176
39.6586
39.6586
40.0272
38.5831
38.5831
38.5831
38.5831
37.4884
37.4884
36.7104
36.7104
36.7104
36.7104
37.972
37.972
38.2054
38.2054
38.2054
38.2054
38.582
38.582
38.582
38.582
38.5704
38.5704
36.7287
36.7287
36.7287
36.7287
39.1224
39.1224
39.1224
39.1224
39.1224
39.1224
39.1224
39.1224
39.1224
39.1217
39.1217
39.0897
39.0897
39.0897
39.0897
38.2998
38.2998
38.2998
38.2998
38.3012
38.3012
38.3012
38.3012
38.8455
40.6094
40.6094
40.6094
40.6094
40.6094
40.6094
40.6094
40.6094
40.768
40.6295
40.6295
40.6295
40.6295
40.6295
40.6295
40.3694
40.3694
40.3694
41.3943
39.4086
39.4086
39.3051
39.7746
39.7746
39.7746
39.7746
39.7746
39.7746
39.7746
39.7746
39.7746
39.3702
39.4758
39.4758
39.4758
39.0492
39.0492
39.0492
39.0492
39.0492
39.0492
39.0492
39.0492
39.0492
40.3329
40.4364
40.4364
40.4364
40.4364
40.4364
40.9459
40.9459
40.9459
40.9459
40.7391
40.7391
40.7391
40.7391
40.7391
41.0817
40.7787
40.4311
39.6276
39.6276
40.0085
40.0085
39.8697
39.8697
39.8697
39.8697
39.8697
39.8697
37.9438
40.6585
40.6585
41.2519
41.2519
41.2519
41.2519
41.2519
41.2519
41.2519
41.2519
41.2519
41.0083
41.0914
41.0914
41.0914
41.2389
41.2389
41.2389
41.2389
41.2389
41.2389
41.2389
41.2389
40.6676
40.8595
40.8595
40.8595
40.8595
40.9474
41.197
41.197
41.197
41.197
41.197
41.197
41.197
41.197
41.197
41.197
41.197
41.197
41.197
41.197
41.197
41.197
41.197
41.197
40.1877
40.1877
40.1877
40.2229
38.7783
38.7783
40.3145
40.3145
40.3145
40.3145
40.3145
40.3145
40.3145
40.3145
41.6694
41.6694
41.6694
41.6694
41.6694
42.4498
42.4498
42.4498
42.9296
42.9347
42.9347
43.8894
43.8894
43.8894
43.8894
43.8213
43.8213
43.4567
43.4567
43.4567
45.5007
45.5007
45.5007
45.5007
45.5007
45.5007
43.2988
42.782
42.782
42.782
42.782
41.5165
41.5165
41.5165
41.5165
41.5165
41.5165
41.5165
41.8487
41.8487
41.8487
42.2132
43.6195
43.184
43.184
43.184
43.1066
43.1066
43.1066
43.1066
43.1066
43.1066
39.9812
39.9812
39.9812
39.9812
38.7821
38.7821
39.3761
39.3761
39.3761
41.4889
41.4889
41.4889
41.5367
40.663
40.663
40.663
40.663
40.1692
40.1692
40.1743
40.1692
41.323
41.323
42.3033
42.3033
42.3033
42.3033
42.3033
42.3033
42.3314
42.3314
39.9294
39.9294
39.9294
40.0779
38.8343
38.8343
38.8343
39.5491
39.5491
39.5491
39.5491
39.9913
39.9913
40.8105
40.8105
41.2975
44.279
44.279
44.279
44.279
44.279
42.9835
42.998
40.5267
40.5267
40.5267
40.5267
40.5267
40.5267
40.5267
40.5267
40.5267
40.5267
39.8186
39.8186
39.8186
42.1377
41.8894
41.8894
41.8894
41.8894
41.8894
41.8894
42.6957
42.6957
42.6957
42.6957
42.1111
42.1111
42.1111
42.1111
42.1111
42.1111
42.1111
42.1111
42.1111
42.1111
42.0882
39.7678
39.7678
39.76
41.0092
42.106
41.7007
41.7007
41.7007
42.9448
42.9448
42.9448
42.9315
43.1648
43.1648
40.8033
40.8033
40.8033
40.8033
40.8033
39.2271
39.2271
39.2271
41.9848
42.1749
42.5146
40.2057
39.761
39.648
39.648
41.2778
41.2778
39.838
39.838
39.838
36.8359
38.2044
38.2044
38.2044
38.2044
38.2044
38.2745
38.2745
38.2745
38.2745
38.2745
38.2745
38.9754
38.3944
38.3944
38.3944
39.1477
39.1477
38.8127
38.8127
40.3302
40.3302
42.2173
42.2173
42.2173
42.2173
42.2173
42.2173
42.2173
42.2173
41.6854
41.5669
41.5669
41.5669
41.5645
41.6109
41.6109
41.6109
44.1403
44.1343
44.1343
46.2134
44.8339
44.8339
42.0649
42.0649
41.7719
41.4866
41.3409
41.3409
41.3409
40.7337
41.7939
43.9467
43.9467
44.705
45.2282
45.2282
45.2282
45.2282
45.2282
44.0256
44.9758
44.9758
44.9758
44.9758
44.8728
44.8728
44.8846
44.8846
44.189
44.189
44.189
44.8584
44.8584
45.1861
45.1861
44.014
44.014
44.014
44.014
43.2241
43.2241
43.2241
43.2241
43.2185
43.2185
42.0326
43.2471
43.2471
43.2471
42.2589
42.2589
42.2589
42.2589
42.1687
42.1687
42.1687
42.1687
41.7497
41.7497
41.7497
41.8667
41.8667
41.8667
41.8667
41.8667
41.8722
41.8722
41.8722
41.8722
44.4329
44.4329
44.0073
44.0073
44.0073
44.0809
44.0809
44.0809
44.7314
44.7314
45.0046
45.0046
45.0046
45.0046
45.0046
45.0046
45.0046
45.0046
45.0046
45.0046
45.0046
44.6768
44.6768
44.6768
44.6768
44.6768
42.557
42.557
42.557
43.0287
43.0287
44.0791
44.0791
42.9006
42.9006
42.9006
42.9006
42.6637
42.6637
42.6637
42.6637
42.6637
42.6637
43.411
43.411
41.9434
41.9434
42.9316
44.2079
42.9316
43.9216
44.2043
44.2043
44.0458
43.9001
43.9001
43.9252
43.9252
43.9252
44.4797
44.4797
44.4797
42.6142
41.0513
41.0513
41.8016
41.8016
41.8016
42.8512
42.8512
42.8512
42.8512
42.8512
42.8512
42.8512
42.8512
42.3714
42.3714
42.9129
43.4928
43.4928
44.5043
46.0268
46.0268
46.2784
46.2784
46.2784
46.2784
46.5501
46.5501
46.5501
45.2733
45.2733
45.3176
44.5442
44.5442
45.0844
45.0844
45.0844
44.0722
44.2912
44.2912
44.2912
44.2912
44.2912
45.3352
45.3352
45.3352
45.3352
43.1064
43.1064
43.1064
43.1064
43.1064
43.1064
44.1186
44.1186
44.1186
44.1186
44.0828
44.0828
44.0828
44.0828
44.1507
42.6343
43.0066
43.0066
44.223
45.6423
45.1769
45.1769
45.1769
45.1769
45.1769
45.1769
45.1769
45.1769
45.1769
45.1769
45.1769
45.1769
42.0529
42.0529
43.5016
41.4756
41.4756
41.4756
41.4756
41.4756
41.4756
41.4756
41.4756
41.4756
39.0778
39.0778
39.0778
39.0778
39.0778
39.0778
37.4659
39.9076
39.9076
39.9082
39.9082
39.9082
41.048
39.9082
38.152
38.4107
38.4107
38.4107
37.7861
38.0766
38.0766
38.0766
38.0766
38.2305
38.374
38.374
38.374
39.1873
39.1873
39.1873
39.1873
38.0989
38.0989
38.0989
38.0989
39.3476
38.7082
38.7082
38.7082
38.7082
41.3799
41.3799
41.3799
41.3799
41.1978
41.1978
41.1978
41.1978
41.1978
42.6886
43.0886
43.0886
43.0886
42.5162
42.5162
42.5162
42.5162
42.5162
42.5162
43.1229
41.9929
41.9929
41.9929
41.9929
42.6277
42.6277
42.6277
42.6277
42.6277
42.8638
44.2809
44.2809
43.7283
43.7283
45.8493
43.8238
43.8238
43.8238
43.8238
45.0396
45.0396
45.0396
45.0396
45.0396
45.0396
43.6225
43.6225
43.6225
43.6225
43.6225
44.3048
44.3048
44.3048
44.3048
44.3048
44.3048
44.6769
44.6769
44.6769
44.6769
44.6769
41.9153
41.9153
41.8153
42.5572
42.1361
42.1361
40.6126
40.6126
40.6126
38.0638
38.0638
38.0638
38.3494
37.34
37.34
36.6011
36.6011
36.6011
36.6011
36.6011
36.6011
35.6056
35.6056
35.6056
35.6056
35.6056
34.6587
34.6587
34.6587
34.6587
34.6587
34.2093
34.2093
34.2093
34.2093
34.2093
34.1594
34.1594
35.0028
35.0028
35.0028
35.0028
35.0028
35.0028
34.0957
34.0957
34.0957
34.0957
34.2181
34.2181
34.2181
34.2181
34.2181
34.2181
34.2181
32.6637
32.6637
31.6455
31.8293
31.8293
30.764
30.764
30.764
31.1915
31.1915
31.3098
32.2823
32.2823
32.0218
32.0218
33.0914
33.0914
32.5708
32.5708
32.5708
32.5708
32.5708
33.7965
35.0468
35.0468
35.8638
35.8638
35.8638
37.8464
37.8464
37.8464
37.8464
37.8464
39.2189
39.2189
39.5502
39.5502
39.5502
38.1129
38.1129
38.1129
38.1129
38.8566
38.8566
38.8566
38.806
38.006
38.006
38.8387
38.8387
39.2248
39.2248
39.2248
38.6795
38.6795
37.849
37.849
37.849
37.849
37.849
37.849
37.849
35.9614
35.9614
35.9614
36.3868
36.3868
36.3868
36.3868
37.9998
37.9998
37.1168
37.1168
37.1168
34.6259
36.3074
36.3074
36.3074
36.3074
36.2805
36.2805
37.5797
37.5797
37.5071
37.5071
37.5071
37.5071
37.5071
37.5071
37.6315
39.6117
39.6117
39.6117
38.7343
38.7343
38.0128
38.0128
38.0128
38.0128
37.8109
37.8109
37.8109
37.8109
37.8109
37.8109
37.8109
37.8109
37.8109
37.8109
37.8109
37.8109
37.8109
37.8109
37.8109
37.8109
37.8109
37.8109
37.8109
37.8022
37.8022
37.8022
37.81
37.81
37.81
36.8879
36.8879
36.8879
36.8879
36.8879
36.8827
36.8827
36.9782
36.9782
36.942
36.942
36.4567
36.4567
36.4567
33.8069
33.8069
33.8302
33.8302
33.76
33.76
34.4278
34.4278
34.4278
34.1432
34.1432
34.1432
34.1432
35.4104
35.4104
35.4104
35.4104
36.9622
35.7621
35.7621
35.7621
35.7621
35.7621
35.7621
35.7621
36.0451
36.0451
36.0451
38.5903
39.3814
39.3814
39.3814
39.1806
39.1806
39.1806
39.1806
39.1806
39.1806
39.1806
39.1806
39.1806
39.1806
39.1806
39.1739
39.1739
39.1739
39.1739
39.1739
37.3705
37.3705
37.3705
37.3705
37.3705
37.3705
37.3705
37.1693
37.1693
37.1693
37.1795
37.1795
37.5183
37.5183
38.119
38.119
38.119
38.5683
38.2432
38.2432
38.2432
38.2432
37.4134
37.4134
37.4134
37.4134
37.4134
37.4134
37.4134
37.4134
37.4134
38.4099
38.4099
40.6421
40.6421
40.6421
40.6421
40.6421
41.4324
41.4324
41.4324
41.4324
43.4842
43.4842
43.4842
43.4842
43.4842
42.969
42.969
42.969
43.0315
43.0315
41.9489
41.9489
41.9489
41.9489
41.9489
41.9489
41.9489
41.9489
41.9489
41.9489
41.9489
41.257
41.257
40.7389
40.7389
40.7389
38.8901
40.7599
42.4556
42.4556
42.4556
42.4556
42.4556
42.4556
42.4556
40.5816
40.5816
40.5816
41.1119
41.1119
41.1119
39.1458
39.1458
39.1458
39.1458
39.1458
36.8193
36.8193
36.8193
37.0778
37.0778
37.0778
36.6533
36.6533
36.6533
36.1722
36.1722
36.8697
36.8697
36.8697
36.8697
36.8697
36.8697
36.8697
36.8697
36.8697
36.8697
36.4417
36.4417
36.4417
36.4417
36.462
36.462
36.3288
36.3288
36.3288
36.1535
36.1535
36.1535
36.1535
32.789
32.789
32.789
32.789
35.298
35.298
36.493
36.493
38.7447
38.7447
38.7447
38.7447
40.1218
40.3634
37.8347
37.8347
37.8347
37.0847
37.0847
38.6191
36.4545
36.4545
36.7558
35.8481
35.8481
35.8481
36.5836
36.5836
36.5836
36.5836
36.5836
36.5836
36.6795
36.6795
36.6795
36.6795
36.6795
36.6795
36.6795
36.6795
36.6795
36.6795
36.6795
36.6848
36.6905
36.6905
36.6905
36.6905
37.6375
37.9381
37.9381
37.9381
37.9381
36.7098
36.941
36.941
36.941
36.941
38.7554
38.7554
38.7554
38.7554
38.9941
38.9941
38.9941
38.0613
38.0613
38.0613
37.6634
38.0613
38.0613
38.2698
38.2698
35.6368
36.0638
36.0638
36.0638
36.0638
36.0638
36.0638
36.0638
36.0638
35.6507
36.0638
36.0638
34.0714
34.0714
33.6261
33.6261
33.6261
33.6261
33.6261
33.6261
33.4693
33.4693
31.4679
31.4679
31.4679
31.4679
31.3811
31.3811
31.3811
31.3811
31.3811
31.3811
31.3811
31.3811
31.3811
31.3811
31.6823
31.6823
31.4461
31.4461
31.4461
31.4461
31.4461
31.4461
31.4461
31.4461
31.4461
31.4461
31.4461
31.4461
31.4461
34.0772
34.0772
34.0772
33.2985
33.1725
34.2432
34.9726
35.3834
35.3834
35.4144
35.4144
35.4144
35.4144
35.4144
35.4144
35.4144
35.4144
35.4144
35.4144
35.4144
36.7773
36.7773
36.7773
36.7773
38.2095
36.7896
36.7896
36.7896
36.7896
34.4515
34.4515
34.4515
34.4515
34.4515
34.4515
34.4515
34.4515
35.019
35.019
35.019
37.4683
37.4683
37.4683
37.4683
37.4683
37.4683
37.4683
37.4683
38.2868
38.2868
38.2868
36.3774
36.3774
36.3774
38.5228
38.5228
38.5228
38.2383
38.2383
40.3564
42.8568
42.8568
44.1888
44.1888
43.9671
43.9671
43.1795
43.1795
41.0669
41.0669
41.0669
40.8354
40.8354
40.8354
40.8354
40.8354
40.8354
39.3013
39.3013
39.3194
39.3194
39.3194
39.3194
39.3194
38.6749
38.6749
38.6749
38.6749
38.6749
38.6749
38.6749
38.1628
38.4832
39.1572
39.1572
39.1233
39.1233
39.1233
39.7356
39.5315
41.2566
41.2566
41.3345
41.3345
41.3345
41.3345
41.3345
41.3345
41.3345
41.3345
41.3345
39.8565
38.5763
38.5763
38.5763
38.5763
38.5763
38.5763
38.5763
38.5763
38.5763
38.5763
38.5763
38.5763
38.5763
38.5763
38.5763
41.4612
41.4612
41.4612
41.4612
41.4612
41.4612
41.4612
41.993
41.993
41.993
42.0628
42.0628
42.0628
42.0628
45.2215
45.2215
45.2215
45.2215
42.9476
42.9476
42.9476
42.9476
42.9476
43.5063
43.5063
43.5063
43.5063
43.5063
43.5063
43.5063
43.5063
40.2587
40.2043
40.3965
40.3965
40.3965
40.3965
40.3965
40.3965
40.3965
40.3965
40.3965
40.3965
40.3965
40.3965
40.3879
40.3879
40.3879
40.3965
40.3965
38.1252
38.1743
38.1743
38.4711
38.4711
38.4711
36.9741
36.9741
36.9741
36.9741
37.5921
37.5921
37.5921
37.5921
37.5921
37.5921
37.5921
37.5921
37.5921
37.5921
37.2298
37.2298
37.2298
38.7859
38.289
38.289
38.1558
38.2822
38.2822
39.0711
36.3874
36.3874
36.3874
36.3874
36.3874
36.3874
36.3874
36.3874
36.3874
36.3874
36.3874
38.7106
38.7106
38.4976
38.4976
38.2664
38.2664
38.2873
38.2873
38.2873
39.8816
39.8816
39.8816
39.8816
40.9859
40.9859
40.9859
37.3968
37.3968
37.3968
37.3968
37.3968
37.3968
37.7984
37.2176
37.2176
36.265
36.265
36.265
34.7597
36.2717
34.963
36.0037
36.0037
36.0037
36.0037
35.1694
33.1396
33.1396
33.1396
33.1396
33.1396
33.1396
33.1396
33.1396
33.1396
35.0776
35.0776
35.0776
35.0776
35.0776
35.0776
35.0776
35.0776
35.0776
35.0776
34.8085
34.8598
34.8598
34.8598
34.8598
34.8598
34.8598
34.8598
35.6732
35.6732
35.6732
35.6661
35.6661
35.6661
35.6661
35.6661
35.6661
35.7603
35.7603
35.7603
34.2786
34.2786
34.2786
34.2786
34.0196
34.0196
34.0196
34.0196
34.0196
34.0196
34.0196
34.0196
34.0196
32.5495
32.5495
32.5495
32.5495
32.5495
32.5495
32.5495
32.5495
32.5495
32.5495
32.5495
31.9028
34.766
34.766
34.766
34.766
34.766
34.766
34.766
34.766
34.766
34.766
34.766
34.766
34.3663
34.3663
34.3663
33.3852
33.3852
33.3852
33.3852
32.9869
32.9869
32.9869
33.6231
33.6231
33.6231
33.6231
33.6231
33.6231
33.6231
33.6231
33.6231
33.6231
33.6231
33.6231
33.6231
33.5006
33.5006
33.5006
33.5006
33.4382
33.4382
33.2431
33.2431
33.2431
33.2431
32.5708
32.5708
32.5708
32.5708
32.5708
35.2772
35.2772
35.2772
35.2772
35.2401
34.9046
34.9046
34.9046
34.9046
34.9046
37.8154
37.8028
37.8028
37.8028
37.8028
37.6814
37.6814
37.6814
37.6814
37.6814
37.6814
37.6814
37.6814
37.6814
37.6814
37.6814
37.6814
37.6814
37.6814
37.6814
37.6814
36.8842
36.8842
36.8842
37.0664
36.2421
35.9358
35.9358
35.9358
35.9358
35.9358
35.9358
35.9358
35.9358
35.9358
34.277
34.277
34.277
34.277
34.1719
34.1719
34.1719
34.1719
34.1719
34.1719
34.1165
34.1165
34.1165
34.1165
34.1165
34.1165
34.1165
34.1165
34.1207
34.1207
34.1207
34.1207
33.8167
33.8167
33.8167
33.8167
33.8167
33.8167
33.8167
33.8167
33.8167
33.8274
33.8274
33.8274
33.8274
33.8274
33.8274
33.8274
34.0484
34.0484
34.0484
34.0484
34.0484
32.1918
32.1918
32.3084
31.3374
31.3374
31.0794
31.0794
31.0794
31.0794
31.0794
31.0794
31.0794
31.0794
31.0794
31.0794
31.0794
31.0794
31.0794
31.0794
31.0794
31.0794
31.0794
31.0794
31.0794
31.0794
31.0794
31.0794
31.0794
31.0794
31.0794
31.0794
31.0794
31.0794
31.0794
31.0794
31.0794
31.0794
31.0234
31.0234
31.0234
31.0234
31.492
31.492
31.8728
31.8728
31.8728
31.8728
31.8728
31.8728
31.8728
31.8728
31.8728
31.8728
31.73
31.73
31.73
31.73
31.73
31.73
31.73
31.73
31.73
31.73
31.73
31.73
31.73
31.73
31.5461
31.5461
31.5461
31.2453
31.2453
31.2453
31.2453
31.2453
31.2453
31.2453
31.2453
31.2453
31.2453
31.2453
31.2453
31.2453
31.2453
31.2803
31.2803
31.2803
31.2803
31.2803
31.2803
31.2803
31.5694
31.5694
31.5694
31.8046
31.8046
31.8046
31.4347
31.4347
31.4347
31.4398
31.4398
31.4398
31.4398
31.4946
31.4946
31.4946
31.427
31.427
31.427
31.427
31.427
31.427
31.427
28.1935
28.1935
28.1935
28.1935
28.1935
28.1935
28.1935
28.2208
28.1069
28.1069
28.1069
28.1069
28.1069
28.1069
28.1069
28.1069
28.1069
28.1069
28.1069
28.1069
28.0501
28.0501
28.0501
28.6212
28.6212
28.6212
28.6212
28.6212
28.6212
28.6212
28.3318
28.3318
28.3318
28.3318
27.6539
27.6539
27.6539
27.6539
27.6539
28.295
28.3976
28.3976
28.4467
28.4467
28.4467
28.4467
28.4467
28.4467
28.4467
28.3746
28.3746
28.3746
28.3746
28.3746
28.3746
28.3746
28.3746
28.3746
28.3746
28.3746
28.3746
28.3746
28.3746
28.3746
28.3746
28.3746
28.3746
28.3746
28.3746
28.3746
28.3746
28.1684
28.1684
28.1684
28.1684
28.1684
28.1684
28.1684
27.892
27.892
27.892
27.892
27.892
27.892
27.6437
27.6437
25.5922
25.5922
25.5922
25.5922
25.5922
25.5922
25.5922
24.6763
24.6763
24.6763
23.4884
23.4884
23.4884
23.4884
23.4884
23.4884
23.4884
23.477
23.477
23.477
23.477
23.477
23.477
23.477
23.477
23.477
23.477
23.477
23.477
23.477
23.477
23.477
23.477
23.477
23.477
23.477
23.477
23.477
23.7152
21.065
21.065
21.065
21.065
21.065
21.0625
21.0625
21.0625
21.0625
21.0625
21.0625
21.0625
21.0625
21.0625
21.0625
21.0625
21.0625
21.0625
21.0625
21.0625
21.0625
21.0625
21.0625
21.0625
21.0625
21.0625
21.0625
21.0625
21.0625
21.0625
21.0625
21.0625
20.8947
20.8947
20.8947
20.8947
20.8947
20.8947
20.8947
20.8947
20.8947
20.8947
20.8755
20.8755
20.8755
20.8755
20.8755
20.8755
20.8755
20.8755
20.8755
21.0684
21.0684
21.0684
21.0684
21.0684
21.0684
21.0684
21.0684
21.0684
21.0684
21.0684
21.0684
21.0684
21.0684
21.0684
21.0684
21.0684
21.0684
21.0684
21.0684
21.0684
20.7802
20.7802
20.7802
20.7802
20.7802
20.7802
20.7802
20.7802
20.7802
20.7802
20.7802
20.7802
20.7802
20.7802
20.7802
20.7802
20.7802
20.7802
20.7802
20.7802
20.7802
20.7607
20.7607
20.7607
20.7607
20.7607
20.7607
20.7607
20.7607
20.7607
20.7607
20.7607
20.7205
20.7205
20.7205
20.7205
20.9969
20.9992
20.9992
20.9992
20.9992
20.9992
20.9992
20.9992
20.9992
20.9992
20.9992
20.9992
20.9992
20.9992
20.9992
20.9992
20.9992
20.9992
20.9992
20.9992
20.9992
20.9992
20.9992
20.9992
20.9992
20.9992
20.9992
20.9992
20.8132
20.8132
20.8132
20.8132
20.8132
20.8132
20.8132
20.2456
20.2456
20.2456
20.2418
20.2418
20.2418
20.2418
20.2418
20.2418
20.2418
20.2119
20.1101
20.1101
20.0251
20.0251
20.0251
20.0251
19.9079
19.9079
19.9079
19.9079
19.9079
19.9079
19.9079
19.7965
19.7965
19.7965
19.7965
19.7965
19.7965
19.7965
19.7965
19.7965
19.7965
19.7965
19.7965
19.7965
19.7965
19.7965
19.7965
19.7965
19.7965
19.7965
19.7965
19.7965
19.7965
19.7965
19.4741
19.4741
19.4741
19.4741
19.4741
19.5416
19.5416
19.5416
19.5416
19.5416
19.6002
19.6002
19.6002
19.6002
19.6002
19.6002
19.6002
19.6002
19.6002
19.6002
19.6002
19.6002
19.6002
19.6002
19.6002
19.6002
19.6002
19.6002
19.6002
18.9123
18.9123
18.9123
18.9123
18.9123
18.9123
18.9123
18.9123
18.9123
18.9123
18.9123
18.9123
18.9123
18.9123
18.9123
18.9123
18.9123
18.9123
18.9123
18.9123
18.9123
18.9123
18.9123
18.9123
18.9123
18.9123
18.9123
18.9318
18.9123
18.7723
18.7723
18.7723
18.7723
18.7723
18.7723
18.7723
18.7723
18.7723
18.7723
18.5079
18.5045
18.5045
18.5045
18.5045
18.5045
18.5045
17.532
17.532
17.532
17.532
17.532
17.532
17.532
17.532
17.532
17.532
17.532
17.532
17.532
17.532
17.532
17.532
17.532
17.532
17.532
17.532
17.532
17.532
17.532
17.532
17.532
17.532
17.532
17.5517
17.5517
17.5517
17.5517
17.5517
17.5517
17.5517
17.5951
17.5951
17.5951
17.5951
17.5951
17.5951
17.5951
17.5951
16.8518
16.8518
16.8518
16.8518
16.8518
16.8518
16.8518
16.8518
16.8518
16.8518
16.8518
16.8518
16.8518
16.8518
16.8518
16.8518
16.8518
16.8518
16.8518
16.8518
16.8518
16.8518
16.8518
16.8518
16.8717
16.5729
16.5729
16.5729
16.5729
16.2057
16.2057
16.2057
16.2057
16.2057
16.2057
16.2057
16.2057
16.2057
16.2057
16.2057
16.2057
16.2057
16.2057
16.2057
16.2057
16.2057
16.2057
16.2057
16.2057
16.2057
16.2057
16.2057
16.2057
16.2057
16.2057
16.2057
16.2057
16.2057
16.2057
16.2057
16.2057
16.2057
16.2057
16.2057
16.2057
16.2057
16.2057
16.2057
16.2057
16.2057
16.2057
16.2057
16.2057
16.2057
16.2057
16.2057
16.2057
16.2057
16.2057
16.2057
16.2057
16.2057
16.2057
16.2057
16.4062
16.4062
16.4062
16.4062
16.4062
16.4062
16.4062
16.4043
16.4043
16.4043
16.4043
16.4043
16.4043
16.4043
16.4043
16.4043
16.4043
16.4043
16.4043
16.4043
16.4043
16.4043
16.4043
16.4043
16.4043
16.4043
16.4043
16.4043
16.4043
16.727
16.727
16.727
16.727
16.727
16.727
16.727
16.727
16.727
16.727
16.727
16.727
16.727
16.727
16.727
16.727
16.727
16.727
16.727
16.727
16.727
16.727
16.727
16.727
16.727
16.727
16.727
16.727
16.727
16.4313
16.4313
16.4313
16.4313
16.4313
16.4313
16.2247
16.2247
16.2247
16.2247
16.2247
16.2247
16.2247
16.2247
16.2634
16.2634
16.2634
16.2634
16.2634
16.2634
16.2634
16.2634
16.2634
16.2634
16.2634
16.2634
16.2634
16.2634
16.2634
16.2634
16.2634
16.2634
16.2634
16.2634
16.2762
16.2762
16.2762
16.2762
16.2762
16.2762
16.2762
16.2762
16.2762
16.2762
16.2762
16.2762
16.2762
16.2762
16.2762
16.2762
16.2762
16.2689
16.2689
16.2689
16.1526
16.1526
16.1526
16.1526
16.1526
16.1526
16.1526
16.1526
16.1526
16.1526
16.1526
16.1526
16.1526
16.1526
16.1526
16.1526
16.7082
16.7082
16.7082
16.7082
16.7082
16.7082
16.7082
16.7082
16.7082
16.7082
16.7082
16.7082
16.7082
16.7082
16.7082
16.7082
16.7082
16.7082
16.7082
16.7082
16.6829
16.6829
16.6829
16.6829
16.6829
16.6829
16.6829
16.6829
16.6829
16.8895
16.8895
16.8895
16.8895
16.8895
16.8895
16.8895
16.8895
16.8895
16.8895
16.8895
16.8895
16.8895
16.8895
16.8895
16.8895
16.8895
16.8895
16.8895
16.8895
16.8895
16.111
16.111
16.111
16.111
16.111
16.111
16.111
16.111
16.111
16.111
16.111
16.111
16.111
16.111
16.111
16.111
16.111
16.111
16.111
16.111
16.111
16.111
16.111
16.111
16.111
16.111
16.111
16.111
16.111
16.111
16.111
16.111
16.111
16.111
16.111
16.111
16.111
16.111
16.111
16.111
16.111
16.111
16.111
16.111
16.111
16.111
16.111
16.111
16.57
16.111
15.5615
15.5615
15.5615
15.5615
15.5615
15.5615
15.5615
15.5615
15.5615
15.5615
15.5615
15.5615
15.5615
15.5615
15.5615
15.5615
15.5615
15.5615
15.5615
15.5615
15.5615
15.5615
15.5615
15.5615
15.5615
15.5615
15.5615
15.5615
15.5615
15.5418
15.5418
15.5418
15.5418
15.0605
15.0605
15.0605
15.0605
15.0605
15.0605
15.0605
15.0605
15.0605
15.0605
15.0605
15.0605
15.0605
15.0605
15.0605
15.0605
15.0605
15.0605
15.0605
15.0605
15.0605
15.0605
15.0605
15.0605
15.0605
15.0605
15.0672
15.0672
15.0672
15.0672
15.0672
15.0672
15.0672
15.0672
15.0672
15.0672
15.0672
15.0672
15.0672
15.0672
15.0745
15.0745
15.0745
15.0745
15.0745
15.0745
15.0745
15.0745
15.0745
15.0745
15.0745
15.0745
15.0745
15.0745
15.0745
14.8353
14.8353
14.8353
14.8353
14.8353
14.8353
14.8353
14.8353
14.8353
14.8353
14.8353
14.8353
14.8353
14.8353
14.8353
14.8353
14.8353
14.8353
14.8353
14.8353
14.8353
14.8353
14.8353
14.8353
14.8353
14.8353
14.8353
14.0029
14.0029
14.0029
14.0029
14.0029
14.0029
14.0029
14.0029
14.0029
14.0029
14.0029
14.0029
14.0029
14.0029
14.0029
14.0029
14.0029
14.0029
14.0029
14.0029
14.0029
14.0029
14.0029
14.0029
14.0029
14.0029
14.0029
14.0029
14.0029
14.0029
14.0029
14.0029
14.0029
14.0029
14.0029
14.0029
14.0029
14.0029
14.0029
14.0029
14.0029
14.0029
14.0029
14.0029
14.0029
14.0029
14.0029
14.0029
14.0029
14.0029
14.0029
14.0029
14.0029
14.0029
14.0029
14.0029
14.0029
14.0029
14.0029
14.0029
14.0029
14.0029
14.0029
14.0029
14.0029
14.0029
13.4437
13.4437
13.4437
13.4437
13.4437
13.4437
13.4437
13.4437
13.4437
13.4437
13.4437
13.4437
13.4437
13.4437
13.4437
13.4437
13.4437
13.4437
13.4437
13.4437
13.4437
13.4437
13.4437
13.4437
13.4437
13.4437
13.4437
13.4435
13.4435
13.4435
13.4435
13.4435
13.4435
13.4435
13.4435
13.4435
13.4435
13.4435
13.4435
13.4435
13.4435
13.4435
13.4435
13.4435
13.4435
13.4435
13.4435
13.4435
13.4435
13.4435
13.4435
13.4435
13.4435
13.4435
13.4435
13.4435
13.4435
13.4435
13.4435
13.4435
13.4435
13.4435
13.4435
13.4435
13.4435
13.4435
13.4435
13.4435
13.4435
13.4435
13.4435
13.4435
13.4435
13.4435
13.4435
13.4435
13.4435
13.4435
13.4435
13.4435
13.4435
13.4435
13.4435
13.4435
13.4435
13.4435
13.4435
13.4435
13.3688
13.3688
13.3688
13.3524
13.3524
13.3524
13.3524
13.3524
13.3524
13.3524
13.3524
13.3524
13.3524
13.3524
13.3524
13.3524
13.3524
13.3524
13.3524
13.3524
12.3282
12.3282
12.3282
12.3282
12.3282
12.3341
12.3341
12.3341
12.3341
12.3341
12.3341
12.3341
12.3341
12.3341
12.3341
12.3341
12.3341
12.3341
12.3341
12.3341
12.3341
12.3341
12.3341
12.3341
12.2877
12.2877
12.2877
12.2877
12.2877
12.2877
12.2877
12.2877
12.2877
12.2877
12.2877
12.2877
12.2877
12.2877
12.2877
12.2877
12.2877
12.2877
12.2877
12.2877
12.2877
12.2877
12.2877
12.2877
12.2877
12.2877
12.2877
12.2877
12.2877
12.2877
12.2877
12.2877
12.2877
12.2877
12.2877
12.2877
12.2877
12.2877
12.2877
12.2877
12.2877
12.2877
12.2877
12.2877
12.2877
12.2877
12.2877
12.2877
12.2877
12.2877
12.2877
12.2877
12.2877
12.2877
12.2877
12.2877
12.2877
12.2877
12.2877
12.2877
12.2877
12.2877
12.2877
12.2877
12.2877
12.2877
12.2877
12.2877
12.2877
12.2877
12.2877
12.2877
12.2877
12.2877
12.2877
12.2877
12.2877
12.2877
12.2877
12.2877
12.2965
12.2965
12.2965
12.2965
12.2965
12.2965
12.2965
12.2965
12.2965
12.2965
12.2965
12.2965
12.2965
12.2965
12.2965
12.2965
12.2965
12.2965
12.2965
12.2965
12.2965
12.2965
12.2965
12.2965
12.2965
12.2965
12.2965
12.2965
12.2965
12.2965
12.2965
12.2965
12.2965
12.2965
12.2965
12.2965
12.2965
12.2965
12.2965
12.2965
12.2965
12.2965
12.2965
12.2965
12.2965
12.2965
12.2965
12.2965
12.2965
12.2965
12.2965
12.2965
12.2965
12.2965
12.2965
12.2965
12.2965
12.2965
12.2965
12.2965
12.2965
12.2965
12.2965
12.2965
12.2965
12.2965
12.2965
12.2965
12.2965
12.2965
12.2965
12.2965
12.2965
12.2965
12.2964
12.2964
12.2964
12.2964
12.2964
12.2964
12.2964
12.2964
12.2964
12.2964
12.2964
12.2964
12.2964
12.2964
12.2932
12.2929
12.2929
12.2929
12.2929
12.2929
12.2929
12.2929
12.2929
12.2929
12.2929
12.2929
12.2929
12.2929
12.2929
12.2929
12.2929
12.2929
12.2929
12.2929
12.2929
12.2929
12.2929
11.4938
11.4938
11.4938
11.4938
11.4938
11.4938
11.4938
11.4938
11.4938
11.4938
11.4938
11.4938
11.4938
11.4938
11.4938
11.4938
11.4938
11.4938
11.4938
11.4938
11.4938
11.4938
11.4938
11.4938
11.4938
11.4938
11.4938
11.4938
11.4938
11.4938
11.4938
11.4938
11.4938
11.4938
11.4938
11.4938
11.492
11.492
11.492
11.492
11.492
11.492
11.492
11.492
11.492
11.492
11.492
11.492
11.492
11.492
11.492
11.492
11.492
11.492
11.492
11.492
11.492
11.492
11.492
11.492
11.492
11.492
11.492
11.492
11.492
11.492
11.492
11.492
11.492
11.492
11.492
11.492
11.492
11.492
11.492
11.492
11.492
11.492
11.492
11.492
11.492
11.492
11.492
11.492
11.492
11.492
11.492
11.492
11.492
11.492
11.492
11.492
11.492
11.492
11.492
11.492
11.492
11.492
11.492
11.492
11.492
11.492
11.492
11.492
11.492
11.492
11.492
11.492
11.492
11.492
11.492
11.492
11.492
11.492
11.492
11.492
11.492
11.492
11.492
11.492
11.492
11.492
11.492
11.492
11.468
11.468
11.468
11.468
11.468
11.468
11.468
11.468
11.468
11.468
11.468
11.468
11.468
11.468
11.468
11.468
11.468
11.468
11.468
11.468
11.468
11.468
11.468
11.468
11.468
11.468
11.468
11.468
11.468
11.468
11.468
11.468
11.468
11.468
11.468
11.468
11.468
11.468
11.468
11.468
11.468
11.468
11.468
11.468
11.468
11.4684
11.4684
11.4684
11.4684
11.4684
11.4684
11.4684
11.4684
11.4684
11.4684
11.4684
11.4684
11.4684
11.4684
11.4684
11.4684
11.4684
11.4684
11.4684
11.4684
11.4684
11.4684
11.4684
11.4684
11.4684
11.4684
11.4684
11.4684
11.4684
11.4684
11.4684
11.4684
11.4684
11.2967
11.2967
11.2967
11.2967
11.2967
11.2967
11.2967
11.2967
11.2967
11.2967
11.2967
11.2967
11.2967
11.2967
11.2967
11.2967
11.2967
11.2967
11.2967
11.2967
11.2967
11.2967
11.2967
11.2967
11.2967
11.2967
11.2967
11.2967
11.2967
11.2967
11.2967
11.2967
11.2967
11.2905
11.2905
11.2905
11.2905
11.2905
11.2905
11.2905
11.2905
11.2905
11.2905
11.2905
11.2905
11.2905
11.2905
11.2905
11.2905
11.2905
11.2905
11.2905
11.2905
11.2905
11.2905
11.2905
11.2905
11.2905
11.2905
11.2905
11.2905
11.2905
11.2905
11.2905
11.1536
11.1536
11.1536
11.1536
11.1536
11.1536
11.1536
11.1536
11.1536
11.1536
11.1536
11.1536
11.1536
11.1536
11.1536
11.1536
11.1536
11.1536
11.1536
11.1536
11.1536
11.1536
11.1536
11.1536
11.1536
11.1536
11.1536
11.1536
11.1536
11.1536
11.1536
11.1536
11.1536
11.1536
11.1536
11.1536
11.1536
11.1536
11.1536
11.1536
11.1536
11.1536
11.1536
11.1536
11.1536
11.1536
11.1536
11.1537
11.1537
11.1537
11.1537
11.1537
11.1409
11.1409
11.1409
11.1409
11.1409
11.1409
11.1409
11.1409
11.1409
11.1409
11.1409
11.1409
11.1409
11.1409
11.1409
11.1409
11.1409
11.1409
11.1409
11.1409
11.1409
11.1409
11.1409
11.1409
11.1409
11.1409
11.1409
11.1409
11.1409
11.1409
11.1409
11.1409
11.1409
11.1409
11.1409
11.1409
11.1409
10.6119
10.6119
10.6119
10.6119
10.6119
10.6119
10.6119
10.6293
10.6293
10.6293
10.6293
10.6293
10.6293
10.6293
10.6293
10.6293
10.6293
10.6293
10.6293
10.6293
10.6293
10.6293
10.6293
10.6293
10.6293
10.6293
10.6293
10.6293
10.6293
10.6293
10.6293
10.6293
10.6293
10.6293
10.6293
10.6293
10.6293
10.6293
10.6293
10.6293
10.6293
10.6293
10.6293
10.6293
10.6293
10.6293
10.6293
10.6293
10.6293
10.6293
10.6293
10.6293
10.6293
10.6293
10.6293
10.6293
10.6293
10.6293
10.6293
10.6293
10.6293
10.6293
10.6293
10.6293
10.6293
10.6293
10.6293
10.6293
10.6293
10.6425
10.6425
10.2044
10.2044
10.2044
10.2044
10.2044
10.2044
10.2044
10.2044
10.2044
10.2044
10.2044
10.2044
10.2044
10.2044
10.2044
10.2044
10.2044
10.2044
10.2044
10.2044
10.2044
10.2044
10.2044
10.2044
10.2044
10.2044
10.2044
10.2044
10.2044
10.2044
10.2044
10.2044
10.2044
10.2044
10.2044
10.2044
10.2044
10.2044
10.2044
10.2044
10.2044
10.2044
10.2044
10.2044
10.2044
10.2044
10.2044
10.2044
10.2044
10.2044
10.2044
10.2044
10.2044
10.2044
10.2044
10.2044
10.2044
10.2044
10.2044
10.2044
10.2044
10.2044
10.2044
10.2044
10.1872
10.1872
10.1872
10.1872
10.1872
10.1872
10.1872
10.1872
10.1872
10.1872
10.1872
10.1872
10.1872
10.1872
10.1872
10.1872
10.1872
10.1872
10.1872
10.1872
10.1872
10.1872
10.1872
10.1872
10.1872
10.1872
10.1872
9.87439
9.87439
9.87439
9.87439
9.87439
9.87439
9.87439
9.87439
9.87439
9.87439
9.87439
9.87439
9.87439
9.87439
9.87439
9.87439
9.87439
9.87439
9.87439
9.87439
9.87439
9.87439
9.87439
9.87439
9.87439
9.87439
9.87439
9.87439
9.87439
9.87439
9.87439
9.87439
9.87439
9.87439
9.87439
9.87439
9.87439
9.87439
9.87439
9.87439
9.87439
9.87439
9.87439
9.87439
9.87439
9.87439
9.87439
9.87439
9.87439
9.87439
9.87439
9.87439
9.87439
9.87439
9.87439
9.87439
9.87439
9.87439
9.87439
9.87439
9.87439
9.87439
9.87439
9.87439
9.87439
9.87439
9.87439
9.87439
9.87439
9.87439
9.87439
9.87439
9.87439
9.87439
9.87439
9.87439
9.87439
9.87439
9.87439
9.87439
9.87439
9.87439
9.87439
9.87439
9.87439
9.87439
9.87439
9.87439
9.87439
9.87439
9.87439
9.87439
9.87439
9.87439
9.87439
9.87439
9.87439
9.87439
9.87439
9.87439
9.87439
9.87439
9.87439
9.87439
9.87439
9.87439
9.87439
9.87439
9.87439
9.87439
9.87439
9.87439
9.87439
9.87439
9.87439
9.87439
9.87439
9.87439
9.87439
9.87439
9.87439
9.87439
9.87439
9.87439
9.87439
9.87439
9.87439
9.87439
9.87439
9.87439
9.87439
9.87439
9.87439
9.87439
9.87439
9.87439
9.87439
9.87439
9.87439
9.87439
9.87439
9.87439
9.87439
9.87439
9.87439
9.87265
9.87265
9.87265
9.87265
9.87265
9.87265
9.87265
9.87265
9.87265
9.87265
9.87265
9.87265
9.87265
9.87265
9.87265
9.87265
9.87265
9.87265
9.87265
9.87265
9.87265
9.87265
9.87265
9.87265
9.87265
9.87265
9.87265
9.87265
9.87265
9.87265
9.87265
9.87265
9.87265
9.87265
9.87265
9.87265
9.87265
9.87265
9.87265
9.87265
9.87265
9.87265
9.87265
9.87265
9.87265
9.87265
9.87265
9.87265
9.87265
9.87265
9.87265
9.87265
9.87265
9.87265
9.87265
9.87265
9.87265
9.87265
9.87265
9.87265
9.87265
9.87265
9.87265
9.87265
9.87265
9.87265
9.87265
9.87265
9.87265
9.87265
9.87265
9.87265
9.87265
9.87265
9.87265
9.87265
9.87265
9.87265
9.87265
9.87265
9.87265
9.87265
9.87265
9.87265
9.87265
9.87265
9.87265
9.87265
9.87265
9.87265
9.87265
9.87265
9.87265
9.87265
9.87265
9.87265
9.87265
9.87265
9.87265
9.87265
9.87265
9.87265
9.87265
9.87265
9.87265
9.87265
9.87265
9.87265
9.87265
9.87265
9.87265
9.87265
9.87265
9.87265
9.87265
9.87265
9.87265
9.87265
9.87265
9.87265
9.87265
9.87265
9.87265
9.87265
9.87265
9.87265
9.87265
9.87265
9.87265
9.87265
9.87265
9.87265
9.87265
9.87265
9.87265
9.87265
9.87265
9.87265
9.87265
9.87265
9.87265
9.87265
9.87265
9.87265
9.87265
9.87265
9.87265
9.87265
9.87265
9.87265
9.87265
9.87265
9.87265
9.87265
9.87265
9.87265
9.87265
9.87265
9.87265
9.87265
9.87265
9.87265
9.87265
9.87265
9.87265
9.87265
9.87265
9.87265
9.87265
9.87265
9.87265
9.87265
9.87265
9.87265
9.87265
9.87265
9.87265
9.87265
9.87265
9.87265
9.87265
9.87265
9.87265
9.87265
9.87265
9.87265
9.87265
9.87265
9.87265
9.87265
9.87265
9.87265
9.87265
9.87265
9.87265
9.87265
9.87265
9.87265
9.87265
9.87265
9.87265
9.87265
9.87265
9.87265
9.87265
9.87265
9.87265
9.87265
9.87265
9.87265
9.87265
9.87265
9.87265
9.87265
9.87265
9.87265
9.87265
9.87265
9.87265
9.87265
9.87265
9.87265
9.87265
9.87265
9.87265
9.87265
9.87265
9.87265
9.87265
9.87265
9.87265
9.87265
9.87265
9.87265
9.87265
9.87265
9.87265
9.87265
9.87265
9.87265
9.87265
9.87265
9.87265
9.87265
9.87265
9.87265
9.87265
9.87265
9.87265
9.87265
9.87265
9.87265
9.87265
9.87265
9.87265
9.87265
9.87265
9.87265
9.87265
9.87265
9.87265
9.87265
9.87265
9.87265
9.87265
9.87265
9.87265
9.87265
9.87265
9.87265
9.87265
9.87265
9.87265
9.87265
9.87265
9.87265
9.87265
9.87265
9.87265
9.87265
9.87265
9.87265
9.87265
9.87265
9.87265
9.87265
9.87265
9.87265
9.87265
9.87265
9.87265
9.87265
9.87265
9.87265
9.87265
9.87265
9.87265
9.87265
9.87265
9.87265
9.87265
9.87265
9.87265
9.87265
9.87265
9.87265
9.87265
9.87265
9.87265
9.87265
9.87265
9.87265
9.87265
9.87265
9.87265
9.87265
9.87265
9.87265
9.87265
9.87265
9.87265
9.87265
9.87265
9.87265
9.87265
9.87265
9.87265
9.87265
9.87265
9.87265
9.87265
9.87265
9.87265
9.87265
9.87265
9.87265
9.87265
9.87265
9.87265
9.87265
9.87265
9.87265
9.87265
9.87265
9.87265
9.85541
9.85541
9.85541
9.85541
9.85541
9.85541
9.85541
9.85541
9.85541
9.85541
9.85541
9.85541
9.85541
9.85541
9.85541
9.85541
9.85541
9.85541
9.85541
9.85541
9.85541
9.85541
9.85541
9.85541
9.85541
9.85541
9.85541
9.85541
9.85541
9.85541
9.85541
9.85541
9.85541
9.85541
9.85541
9.85541
9.85541
9.85541
9.85541
9.85541
9.85541
9.85541
9.85541
9.85541
9.85541
9.85541
9.85541
9.85541
9.85541
9.85541
9.85541
9.85541
9.85541
9.85541
9.85541
9.85541
9.85541
9.85541
9.85541
9.85541
9.85541
9.85541
9.85541
9.85541
9.85541
9.85541
9.85541
9.85541
9.85541
9.85541
9.85541
9.85541
9.85541
9.85541
9.85541
9.85541
9.85541
9.85541
9.85541
9.85541
9.85541
9.85541
9.85541
9.85541
9.85541
9.85541
9.85541
9.85541
9.85541
9.85541
9.85541
9.85541
9.85541
9.85541
9.85541
9.85541
9.85541
9.85541
9.85541
9.85541
9.85541
9.8547
9.8547
9.8547
9.8547
9.8547
9.85321
9.85321
9.85321
9.85321
9.85321
9.85321
9.85321
9.85321
9.85321
9.85321
9.85321
9.85321
9.85321
9.85321
9.85321
9.85321
9.85321
9.85321
9.85321
9.85321
9.85321
9.85321
9.85321
9.85321
9.85321
9.85321
9.85321
9.85321
9.85321
9.85321
9.85321
9.85321
9.85321
9.85321
9.85321
9.85321
9.85321
9.85321
9.85321
9.85321
9.85321
9.85321
9.85321
9.85321
9.85321
9.85321
9.85321
9.85321
9.85321
9.85321
9.85321
9.85321
9.85321
9.85321
9.85321
9.85321
9.85321
9.85321
9.85321
9.85321
9.85321
9.85321
9.85321
9.85321
9.85321
9.85321
9.85321
9.85321
9.85321
9.85321
9.85321
9.85321
9.85321
9.85321
9.85321
9.85321
9.85321
9.85321
9.85321
9.85321
9.85321
9.85321
9.85321
9.85321
9.85321
9.85321
9.85321
9.85321
9.85321
9.85321
9.85321
9.85321
9.85321
9.85321
9.85321
9.85321
9.85321
9.85321
9.85321
9.85321
9.85321
9.85321
9.85321
9.85321
9.85321
9.85321
9.85321
9.85321
9.85321
9.85321
9.85321
9.85321
9.85321
9.85321
9.85321
9.85321
9.83332
9.83332
9.83332
9.83332
9.83332
9.83332
9.83332
9.83332
9.83332
9.83332
9.83332
9.83332
9.83332
9.83332
9.83332
9.83332
9.83332
9.83332
9.83332
9.83332
9.83332
9.83332
9.83332
9.83332
9.83332
9.83332
9.83332
9.83332
9.83332
9.83332
9.83332
9.83332
9.83332
9.83332
9.83332
9.83332
9.83332
9.83332
9.83332
9.83332
9.83332
9.83332
9.83332
9.83332
9.83332
9.83332
9.83332
9.83332
9.83332
9.83332
9.83332
9.83332
9.83332
9.83332
9.83332
9.83332
9.83332
9.83332
9.83332
9.83332
9.83332
9.83332
9.83332
9.83332
9.83332
9.83332
9.83332
9.83332
9.83332
9.83332
9.83332
9.83332
9.83332
9.83332
9.83332
9.83332
9.83332
9.83332
9.83332
9.83332
9.83332
9.83332
9.83332
9.83332
9.83332
9.83332
9.83332
9.1032
9.1032
9.1032
9.1032
9.1032
9.1032
9.1032
9.1032
9.1032
9.1032
9.1032
9.1032
9.1032
9.1032
9.1032
9.1032
9.1032
9.1032
9.1032
9.1032
9.1032
9.1032
9.1032
9.1032
9.1032
9.1047
9.1047
9.1047
9.1047
9.1047
9.1047
9.1047
9.1047
9.1047
9.1047
9.1047
9.1047
9.1047
9.1047
9.1047
9.1047
9.1047
9.1047
9.1047
9.1047
9.1047
9.1047
9.1047
9.1047
9.1047
9.1047
9.1047
9.1047
9.1047
9.1047
9.1047
9.1047
9.1047
9.1047
9.1047
9.1047
9.1047
9.1047
9.1047
9.1047
9.1047
9.1047
9.1047
9.1047
9.1047
9.1047
9.1047
9.1047
9.1047
9.1047
9.1047
9.1047
9.1047
9.1047
9.1047
9.1047
9.1047
9.1047
9.1047
9.1047
9.1047
9.1047
9.1047
9.1047
9.1047
9.1047
9.1047
9.1047
9.1047
9.1047
9.1047
9.1047
9.1047
9.1047
9.1047
9.1047
9.1047
9.1047
9.1047
9.1047
9.1047
9.1047
9.1047
9.1047
9.1047
9.1047
9.1047
9.1047
9.1047
9.1047
9.1047
9.1047
9.1047
9.1047
9.1047
9.1047
9.1047
9.1047
9.1047
9.1047
9.1047
9.1047
9.1047
9.1047
9.1047
9.1047
9.1047
9.1047
9.1047
9.1047
9.1047
9.1047
9.1047
9.1047
9.1054
9.1054
9.1054
9.1054
9.1054
9.1054
9.1054
9.1054
9.1054
9.1054
9.1054
9.1054
9.1054
9.1054
9.1054
9.1054
9.1054
9.1054
9.1054
9.1054
9.1054
9.1054
9.1054
9.1054
9.1054
9.1054
9.1054
9.1054
9.1054
9.1054
9.1054
9.1054
9.1054
9.1054
9.1054
9.1054
9.1054
9.1054
9.1054
9.1054
9.1054
9.1054
9.1054
9.1054
9.1054
9.1054
9.1054
9.1054
9.1054
9.1054
9.1054
9.1054
9.1054
9.1054
9.1054
9.1054
9.1054
9.1054
9.1054
9.1054
9.1054
9.1054
9.1054
9.1054
9.1054
9.1054
9.1054
9.1054
9.1054
9.1054
9.1054
9.1054
9.1054
9.1054
9.1054
9.10856
9.10856
9.10856
9.10856
9.10856
9.10856
9.10856
9.10856
9.10856
9.10856
9.10856
9.10856
9.10856
9.10856
9.10856
9.10856
9.10856
9.10856
9.10856
9.10856
9.10856
9.10856
9.10856
9.10856
9.10856
9.10856
9.10856
9.10856
9.10856
9.10856
9.10856
9.10856
9.10856
9.10856
9.10856
9.10856
9.10856
9.10856
9.10856
9.10856
9.10856
9.10856
8.9225
8.9225
8.9225
8.9225
8.9225
8.9225
8.9225
8.9225
8.9225
8.9225
8.9225
8.9225
8.9225
8.59976
8.59976
8.59976
8.59976
8.59976
8.59976
8.59976
8.59976
8.59976
8.59976
8.59976
8.59976
8.59976
8.59976
8.59976
8.59976
8.59976
8.59976
8.59976
8.59976
8.59976
8.59976
8.59976
8.59976
8.59976
8.59976
8.59976
8.59976
8.59976
8.59976
8.59976
8.59976
8.59976
8.59976
8.59976
8.59976
8.59976
8.59976
8.59976
8.59976
8.59976
8.59976
8.59976
8.59976
8.59976
8.59976
8.59976
8.59976
8.59976
8.59976
8.59976
8.59976
8.59976
8.59976
8.59976
8.59976
8.59976
8.59976
8.59976
8.59976
8.59976
8.59976
8.59976
8.59976
8.59976
8.59976
8.59976
8.59976
8.59976
8.59976
8.59976
8.59976
8.59976
8.59976
8.59976
8.59976
8.59976
8.59976
8.59976
8.59976
8.59976
8.59976
8.59976
8.59976
8.59976
8.59976
8.59976
8.59976
8.59976
8.59976
8.59976
8.59976
8.59976
8.59976
8.59976
8.59976
8.59976
8.59976
8.59976
8.59976
8.59976
8.59976
8.59976
8.59976
8.59976
8.59976
8.59976
8.59976
8.59976
8.59976
8.59976
8.59976
8.59976
8.59976
8.59976
8.59976
8.59976
8.59976
8.59976
8.59976
8.59976
8.59976
8.59976
8.59906
8.59906
8.59906
8.59906
8.59906
8.59906
8.59906
8.59906
8.59906
8.59906
8.59906
8.59906
8.59906
8.59906
8.59906
8.59906
8.59906
8.59906
8.59906
8.59906
8.59906
8.59906
8.59906
8.59906
8.59906
8.59906
8.59906
8.59906
8.59906
8.59906
8.59906
8.59906
8.59906
8.59906
8.59906
8.59906
8.59906
8.59906
8.59906
8.59906
8.59906
8.59906
8.59906
8.59906
8.59906
8.59906
8.59906
8.59906
8.59906
8.59906
8.59906
8.59906
8.59906
8.59906
8.59906
8.59906
8.59906
8.59906
8.59906
8.59906
8.59906
8.59906
8.59906
8.59906
8.59906
8.59906
8.59906
8.59906
8.59906
8.59906
8.59906
8.59906
8.59906
8.59906
8.59906
8.59906
8.59906
8.59906
8.58233
8.58233
8.58233
8.58233
8.58233
8.58233
8.58233
8.58233
8.58233
8.58233
8.58233
8.58233
8.58233
8.58233
8.58233
8.58233
8.58233
8.58233
8.58233
8.58233
8.58233
8.58233
8.58233
8.58233
8.58233
8.58233
8.58233
8.58233
8.58233
8.58233
8.58233
8.58233
8.58233
8.58233
8.58233
8.58233
8.58233
8.58233
8.58233
8.58233
8.58233
8.58233
8.58233
8.58233
8.58233
8.58233
8.58233
8.58233
8.58233
8.58233
8.58233
8.58233
8.58233
8.58233
8.58233
8.58233
8.58233
8.58233
8.58233
8.58233
8.58233
8.58233
8.58233
8.58233
8.58233
8.58233
8.58233
8.58233
8.58233
8.58233
8.58233
8.58233
8.58233
8.58233
8.58233
8.58233
8.58233
8.58233
8.58233
8.58233
8.58233
8.58233
8.58233
8.58233
8.58233
8.58233
8.58233
8.58233
8.58233
8.58233
8.58233
8.58233
8.58233
8.58233
8.58233
8.58233
8.58233
8.58233
8.58233
8.58233
8.58233
8.58233
8.58233
8.58233
8.58233
8.58233
8.58233
8.58233
8.58233
8.58233
8.58233
8.58233
8.58233
8.58233
8.58233
8.58233
8.58233
8.58233
8.58233
8.58233
8.58233
8.58233
8.58233
8.58233
8.58233
8.58233
8.58233
8.58233
8.58233
8.58233
8.58233
8.58233
8.58233
8.58233
8.58233
8.58233
8.58233
8.58233
8.58233
8.58233
8.58233
8.58233
8.58233
8.58233
8.58233
8.58233
8.58233
8.58233
8.58233
8.58233
8.58233
8.58233
8.58233
8.58233
8.58233
8.58233
8.58233
8.58233
8.58233
8.58233
8.58233
8.58233
8.58233
8.58233
8.58233
8.58233
8.58233
8.58233
8.58233
8.58233
8.58233
8.58233
8.58233
8.58233
8.58233
8.58233
8.58233
8.58233
8.58233
8.58233
8.58233
8.58233
8.58233
8.58233
8.58233
8.58233
8.58233
8.58233
8.58233
8.58233
8.58233
8.58233
8.58233
8.58233
8.58233
8.58233
8.58233
8.58233
8.58233
8.58233
8.58233
8.58233
8.58233
8.58233
8.58233
8.58233
8.58233
8.58233
8.58233
8.58233
8.58233
8.58233
8.58233
8.58233
8.58233
8.58233
8.58233
8.58233
8.58233
8.58233
8.58233
8.58233
8.58233
8.58233
8.58233
8.58233
8.58233
8.58233
8.58233
8.58233
8.58233
8.58233
8.58233
8.58233
8.58233
8.58233
8.58233
8.58233
8.58233
8.58233
8.58233
8.58233
8.58233
8.58233
8.58233
8.58233
8.58233
8.58233
8.58233
8.58233
8.58233
8.58233
8.58233
8.58233
8.58233
8.58233
8.58233
8.58233
8.58233
8.58233
8.58233
8.58233
8.58233
8.58233
8.58233
8.58233
8.58233
8.58233
8.58233
8.58233
8.58233
8.58233
8.58233
8.58233
8.58233
8.58233
8.58233
8.58233
8.58233
8.58233
8.58233
8.58233
8.58233
8.58233
8.58233
8.58233
8.58233
8.58233
8.58233
8.58233
8.58233
8.58233
8.58233
8.58233
8.58233
8.58233
8.58233
8.58233
8.58233
8.58233
8.58233
8.58233
8.58233
8.58233
8.58233
8.58233
8.58233
8.58233
8.58233
8.58233
8.58233
8.58233
8.58233
8.58233
8.58233
8.58233
8.58233
8.58233
7.24201
7.24201
7.24201
7.24201
7.24201
7.24201
7.24201
7.24201
7.24201
7.24201
7.24201
7.24201
7.24201
7.24201
7.24201
7.24201
7.24201
7.24201
7.24201
7.24201
7.24201
7.24201
7.24201
7.24201
7.24201
7.24201
7.24201
7.24201
7.24201
7.24201
7.24201
7.24201
7.24201
7.24201
7.24201
7.24201
7.24201
7.24201
7.24201
7.24201
7.24201
7.24201
7.24201
7.24201
7.24201
7.24201
7.24201
7.24201
7.24201
7.24201
7.24201
7.24201
7.24201
7.24201
7.24201
7.24201
7.24201
7.24201
7.24201
7.24206
7.24206
7.24206
7.24206
7.24206
7.24206
7.24206
7.24206
7.24206
7.24206
7.24206
7.24206
7.24206
7.24206
7.24206
7.24206
7.24206
7.24206
7.24206
7.24206
7.24206
7.24206
7.24206
7.24206
7.24206
7.24206
7.24206
7.24206
7.24206
7.24206
7.24206
7.24206
7.24206
7.24206
7.24206
7.24206
7.24206
7.24206
7.24206
7.24206
7.24206
7.24206
7.24206
7.24206
7.24206
7.24206
7.24206
7.24206
7.24206
7.24206
7.24206
7.24206
7.24206
7.24206
7.24206
7.24206
7.24206
7.24206
7.24206
7.24206
7.24206
7.24206
7.24206
7.24206
7.24206
7.24206
7.24206
7.24206
7.24206
7.24206
7.24206
7.24206
7.24206
7.24206
7.24206
7.24206
7.24206
7.24206
7.24206
7.24206
6.99392
6.99392
6.99392
6.99392
6.99392
6.99392
6.99392
6.99392
6.99392
6.99392
6.99392
6.99392
6.99392
6.99392
6.99392
6.99392
6.99392
6.99392
6.99392
6.99392
6.99392
6.99392
6.99392
6.99392
6.99392
6.99392
6.99392
6.99392
6.99392
6.99392
6.99392
6.99392
6.99392
6.99392
6.99392
6.99392
6.99392
6.99392
6.99392
6.99392
6.99392
6.99392
6.99392
6.99392
6.99392
6.99392
6.99392
6.99392
6.99392
6.99392
6.99392
6.99392
6.99392
6.99392
6.99392
6.99392
6.99392
6.99392
6.99392
6.99392
6.99392
6.99392
6.99392
6.99392
6.99392
6.99392
6.99392
6.99392
6.99392
6.99392
6.99392
6.99392
6.99392
6.99392
6.99392
6.99392
6.99392
6.99392
6.99392
6.99392
6.99392
6.99392
6.99392
6.99392
6.99392
6.99392
6.99392
6.99392
6.99392
6.99392
6.99392
6.99392
6.99392
6.99392
6.99392
6.99392
6.99392
6.99392
6.99392
6.99392
6.99392
6.99392
6.99392
6.99392
6.99392
6.99392
6.99392
6.99392
6.99392
6.99392
6.99392
6.99392
6.99392
6.99392
6.99392
6.99392
6.99392
6.99392
6.99392
6.99392
6.99392
6.99392
6.99392
6.99392
6.99392
6.99392
6.99392
6.99392
6.99392
6.99392
6.99392
6.99392
6.99392
6.99392
6.99392
6.99392
6.99392
6.99392
6.99392
6.99392
6.99392
6.99392
6.99392
6.99392
6.99392
6.99392
6.99392
6.99392
6.99392
6.99392
6.99392
6.99392
6.99392
6.99392
6.99392
6.99392
6.92953
6.92953
6.92953
6.92953
6.92953
6.92953
6.92953
6.92953
6.92953
6.92953
6.92953
6.92953
6.92953
6.92953
6.92953
6.92953
6.92953
6.92953
6.92953
6.92953
6.92953
6.92953
6.92953
6.92953
6.92953
6.92953
6.92953
6.92953
6.92953
6.92953
6.92953
6.92953
6.92953
6.92953
6.92953
6.92953
6.92953
6.92953
6.92953
6.92953
6.92953
6.92953
6.92953
6.92953
6.92953
6.92953
6.92953
6.92953
6.92953
6.92953
6.92953
6.92953
6.92953
6.92953
6.92953
6.92953
6.92953
6.92953
6.92953
6.92953
6.92953
6.92953
6.92953
6.92953
6.92953
6.92953
6.92953
6.92953
6.92953
6.92953
6.92953
6.92953
6.92953
6.92953
6.92953
6.28727
6.28727
6.28727
6.28727
6.28727
6.28727
6.28727
6.28727
6.28727
6.28727
6.28727
6.28727
6.28727
6.28727
6.28727
6.28727
6.28727
6.28727
6.28727
6.28727
6.28727
6.28727
6.28727
6.28727
6.28727
6.28727
6.28727
6.28727
6.28727
6.28727
6.28727
6.28727
6.28727
6.28727
6.28727
6.28727
6.28727
6.28727
6.28727
6.28727
6.28727
6.28727
6.28727
6.28727
6.28727
6.28727
6.28727
6.28727
6.28727
6.28727
6.28727
6.28727
6.28727
6.28727
6.28727
6.28727
6.28727
6.28727
6.28727
6.28727
6.28727
6.28727
6.28727
6.28727
6.28727
6.28727
6.28727
6.28727
6.28727
6.28727
6.28727
6.28727
6.28727
6.28727
6.28727
6.28727
6.28727
6.28727
6.28727
6.28727
6.28727
6.28727
6.28727
6.28727
6.28727
6.28727
6.28727
6.28727
6.28727
6.28727
6.28727
6.28727
6.28727
6.28727
6.28727
6.28727
6.28727
6.28727
6.28727
6.28727
6.28727
6.28727
6.28727
6.28727
6.28727
6.28727
6.28727
6.28727
6.28727
6.28727
6.28727
6.28727
6.28727
6.28727
6.28727
6.28727
6.28727
6.28727
6.28727
6.28727
6.28727
6.28727
6.28727
6.28727
6.28727
6.28727
6.28727
6.28727
6.28727
6.28727
6.28727
6.28727
6.28727
6.28727
6.28727
6.28727
6.28727
6.28727
6.28727
6.28727
6.28727
6.28727
6.28727
6.28727
6.28727
6.28727
6.28727
6.28727
6.28727
6.28727
6.28727
6.28727
6.28727
6.28727
6.28727
6.28727
6.28727
6.28727
6.28727
6.28727
6.28727
6.28727
6.28727
6.28727
6.28727
6.28727
6.28727
6.28727
6.28727
6.28727
6.28727
6.28727
6.28727
6.28727
6.28727
6.28727
6.28727
6.28727
6.28727
6.28727
6.28727
6.28727
6.28727
6.28727
6.28727
6.28727
6.28727
6.28727
6.28727
6.28727
6.28727
6.28727
6.28727
6.28727
6.28727
6.28727
6.28727
6.28727
6.28727
6.28727
6.28727
6.28727
6.28727
6.28727
6.28727
6.28727
6.28727
6.28727
6.28727
6.28727
6.28727
6.28727
6.28727
6.28727
6.28727
6.28727
6.28727
6.28727
6.28727
6.28727
6.28727
6.28727
6.28727
6.28727
6.28727
6.28727
6.28727
6.28727
6.28727
6.28727
6.28727
6.28727
6.28727
6.28727
6.28727
6.28727
6.28727
6.28727
6.28727
6.28727
6.28727
6.28727
6.28727
6.28727
6.28727
6.28727
6.28727
6.28727
6.28727
6.28727
6.28727
6.28727
6.28727
6.28727
6.28727
6.28727
6.28727
6.28727
6.28727
6.28727
6.28727
6.28727
6.28727
6.28727
6.28727
6.28727
6.28727
6.28727
6.28727
6.28727
6.28727
6.28727
6.28727
6.28727
6.28727
6.28727
6.28727
6.28727
6.28727
6.28727
6.28727
6.28727
6.28727
6.28727
6.28727
6.28727
6.28727
6.28727
6.28727
6.28727
6.28727
6.28727
6.28727
6.28727
6.28727
6.28727
6.28727
6.28727
6.28727
6.28727
6.28727
6.28727
6.28727
6.28727
6.28727
6.28727
6.28727
6.28727
6.28727
6.28727
6.28727
6.28727
6.28727
6.28727
6.28727
6.28727
6.28727
6.28727
6.28727
6.28727
6.28727
6.28727
6.28727
6.28727
6.28727
6.28727
6.28727
6.28727
6.28727
6.28727
6.28727
6.28727
6.28727
6.28727
6.28727
6.28727
6.28727
6.28727
6.28727
6.28727
6.28727
6.28727
6.28727
6.28727
6.28727
6.28727
6.28727
6.28727
6.28727
6.28727
6.28727
6.28727
6.28727
6.28727
6.28727
6.28727
6.28727
6.28727
6.28727
6.28727
6.28727
6.28727
6.28727
6.28727
6.28727
6.28727
6.28727
6.28727
6.28727
6.28727
6.28727
6.28727
6.28727
6.28727
6.28727
6.28727
6.28727
6.28727
6.28727
6.28727
6.28727
6.28727
6.28727
6.28727
6.28727
6.28727
6.28727
6.28727
6.28727
6.28727
6.28727
6.28727
6.28727
6.28727
6.28727
6.28727
6.28727
6.28727
6.28727
6.28727
6.28727
6.28727
6.28727
6.28727
6.28727
6.28727
6.28727
6.28727
6.28727
6.28727
6.28727
6.28727
6.28727
6.28727
6.28727
6.28727
6.28727
6.28727
6.28727
6.28727
6.28727
6.28727
6.28727
6.28727
6.28727
6.28727
6.28727
6.28727
6.28727
6.28727
6.28727
6.28727
6.28727
6.28727
6.28727
6.28727
6.28727
6.28727
6.28727
6.28727
6.28727
6.28727
6.28727
6.28727
6.28727
6.28727
6.28727
6.28727
6.28727
6.28727
6.28727
6.28727
6.28727
6.28727
6.28727
6.28727
6.28727
6.28727
6.28727
6.28727
6.28727
6.28727
6.28727
6.28727
6.28727
6.28727
6.28727
6.28727
6.28727
6.28727
6.28727
6.28727
6.28727
6.28727
6.28727
6.28727
6.28727
6.28727
6.28727
6.28727
6.28727
6.28727
6.28727
6.28727
6.28727
6.28727
6.28727
6.28727
6.28727
6.28727
6.28727
6.28727
6.28727
6.28727
6.28727
6.28727
6.28727
6.28727
6.28727
6.28727
6.28727
6.28727
6.28727
6.28727
6.28727
6.28727
6.28727
6.28727
6.28727
6.28727
6.28727
6.28727
6.28727
6.28727
6.28727
6.28727
6.28727
6.28727
6.28727
6.28727
6.28727
6.28727
6.28727
6.28727
6.28727
6.28727
6.28727
6.28727
6.28727
6.28727
6.28727
6.28727
6.28727
6.28727
6.28727
6.28727
6.28727
6.28727
6.28727
6.28727
6.28727
6.28727
6.28727
6.28727
6.28727
6.28727
6.28727
6.28727
6.28727
6.28727
6.28727
6.28727
6.28727
6.28727
6.28727
6.28727
6.28727
6.28727
6.28727
6.28727
6.28727
6.28727
6.28727
6.28727
6.28727
6.28727
6.28727
6.28727
6.28727
6.28727
6.28727
6.28727
6.28727
6.28727
6.28727
6.28727
6.28727
6.28727
6.28727
6.28727
6.28727
6.28727
6.28727
6.28727
6.28727
6.28727
6.28727
6.28727
6.28727
6.28727
6.28727
6.28727
6.28727
6.28727
6.28727
6.28727
6.28727
6.28727
6.28727
6.28727
6.28727
6.28727
6.28727
6.28727
6.28727
6.28727
6.28727
6.28727
6.28727
6.28727
6.28727
6.28727
6.28727
6.28727
6.28727
6.28727
6.28727
6.28727
6.28727
6.28727
6.28727
6.28727
6.28727
6.28727
6.28727
6.28727
6.28727
6.28727
6.28727
6.28727
6.28727
6.28727
6.28727
6.28727
6.28727
6.28727
6.28727
6.28727
6.28727
6.28727
6.28727
6.28727
6.28727
6.28727
6.28727
6.28727
6.28727
6.28727
6.28727
6.28727
6.28727
6.28727
6.28727
6.28727
6.28727
6.28727
6.28727
6.28727
6.28727
6.28727
6.28727
6.28727
6.28727
6.28727
6.28727
6.28727
6.28727
6.28727
6.28727
6.28727
6.28727
6.28727
6.28727
6.28727
6.28727
6.28727
6.28727
6.28727
6.28727
6.28727
6.28727
6.28727
6.28727
6.28727
6.28727
6.28727
6.28727
6.28727
6.28727
6.28727
6.28727
6.28727
6.28727
6.28727
6.28727
6.28727
6.28727
6.28727
6.28727
6.28727
6.28727
6.28727
6.28727
6.28727
6.28727
6.28727
6.28727
6.28727
6.28727
6.28727
6.28727
6.28727
6.28727
6.28727
6.28727
6.28727
6.28727
6.28727
6.28727
6.28727
6.28727
6.28727
6.28727
6.28727
6.28727
6.28727
6.28727
6.28727
6.28727
6.28727
6.28727
6.28727
6.28727
6.28727
6.28727
6.28727
6.28727
6.28727
6.28727
6.28727
6.28727
6.28727
6.28727
6.28727
6.28727
6.28727
6.28727
6.28727
6.28727
6.28727
6.28727
6.28727
6.28727
6.28727
6.28727
6.28727
6.28727
6.28727
6.28727
6.28727
6.28727
6.28727
6.28727
6.28727
6.28727
6.28727
6.28727
6.28727
6.28727
6.28727
6.28727
6.28727
6.28727
6.28727
6.28727
6.28727
6.28727
6.28727
6.28727
6.28727
6.28727
6.28727
6.28727
6.28727
6.28727
6.28727
6.28727
6.28727
6.28727
6.28727
6.28727
6.28727
6.28727
6.28727
6.28727
6.28727
6.28727
6.28727
6.28727
6.28727
6.28727
6.28727
6.28727
6.28727
6.28727
6.28727
6.28727
6.28727
6.28727
6.28727
6.28727
6.28727
6.28727
6.28727
6.28727
6.28727
6.28727
6.28727
6.28727
6.28727
6.28727
6.28727
6.28727
6.28727
6.28727
6.28727
6.28727
6.28727
6.28727
6.28727
6.28727
6.28727
6.28727
6.28727
6.28727
6.28727
6.28727
6.28727
6.28727
6.28727
6.28727
6.28727
6.28727
6.28727
6.28727
6.28727
6.28727
6.28727
6.28727
6.28727
6.28727
6.28727
6.28727
6.28727
6.28727
6.28727
6.28727
6.28727
6.28727
6.28727
6.28727
6.28727
6.28727
6.28727
6.28727
6.28727
6.28727
6.28727
6.28727
6.28727
6.28727
6.28727
6.28727
6.28727
6.28727
6.28727
6.28727
6.28727
6.28727
6.28727
6.28727
6.28727
6.28727
6.28727
6.28727
6.28727
6.28727
6.28727
6.28727
6.28727
6.28727
6.28727
6.28727
6.28727
6.28727
6.28727
6.28727
6.28727
6.28727
6.28727
6.28727
6.28727
6.28727
6.28727
6.28727
6.28727
6.28727
6.28727
6.28727
6.28727
6.28727
6.28727
6.28727
6.28727
6.28727
6.28727
6.28727
6.28727
6.28727
6.28727
6.28727
6.28727
6.28727
6.28727
6.28727
6.28727
6.28727
6.28727
6.28727
6.28727
6.28727
6.28727
6.28727
6.28727
6.28727
6.28727
6.28727
6.28727
6.28727
6.28727
6.28727
6.28727
6.28727
6.28727
6.28727
6.28727
6.28727
6.28727
6.28727
6.28727
6.28727
6.28727
6.28727
6.28727
6.28727
6.28727
6.28727
6.28727
6.28727
6.28727
6.28727
6.28727
6.28727
6.28727
6.28727
6.28727
6.28727
6.28727
6.28727
6.28727
6.28727
6.28727
6.28727
6.28727
6.28727
6.28727
6.28727
6.28727
6.28727
6.28727
6.28727
6.28727
6.28727
6.28727
6.28727
6.28727
6.28727
6.28727
6.28727
6.28727
6.28727
6.28727
6.28727
6.28727
6.28727
6.28727
6.28727
6.28727
6.28727
6.28727
6.28727
6.28727
6.28727
6.28727
6.28727
6.28727
6.28727
6.28727
6.28727
6.28727
6.28727
6.28727
6.28727
6.28727
6.28727
6.28727
6.28727
6.28727
6.28727
6.28727
6.28727
6.28727
6.28727
6.28727
6.28727
6.28727
6.28727
6.28727
6.28727
6.28727
6.28727
6.28727
6.28727
6.28727
6.28727
6.28727
6.28727
6.28727
6.28727
6.28727
6.28727
6.28727
6.28727
6.28727
6.28727
6.28727
6.28727
6.28727
6.28727
6.28727
6.28727
6.28727
6.28727
6.28727
6.28727
6.28727
6.28727
6.28727
6.28727
6.28727
6.28727
6.28727
6.28727
6.28727
6.28727
6.28727
6.28727
6.28727
6.28727
6.28727
6.28727
6.28727
6.28727
6.28727
6.28727
6.28727
6.28727
6.28727
6.28727
6.28727
6.28727
6.28727
6.28727
6.28727
6.28727
6.28727
6.28727
6.28727
6.28727
6.28727
6.28727
6.28727
6.28727
6.28727
6.28727
