17.2159
17.2159
17.8511
17.8511
17.8511
17.8511
18.1487
18.1487
18.1487
19.0609
19.0609
19.2867
19.6564
19.6564
19.6564
19.6564
19.6564
19.6564
19.6564
19.6564
19.6564
20.2184
20.2184
20.2184
20.2184
20.2756
20.2756
20.2756
20.2756
20.2756
20.2756
20.2756
20.2756
20.2756
20.2756
20.2756
19.8482
19.8238
19.8238
19.8238
19.6364
19.6364
19.6364
19.6364
18.8166
18.8166
18.8166
19.1449
19.1449
19.0012
19.0012
19.0012
19.0012
18.6061
18.6061
18.6882
18.6882
18.8844
18.6582
18.6582
18.6582
18.6582
17.8641
17.8641
17.8137
17.8137
17.8137
17.8137
17.8137
17.8137
17.8137
17.8137
17.8137
17.8137
17.8137
17.8137
17.8137
17.8137
17.6181
17.6181
17.6181
17.3081
17.4157
17.4157
17.4157
17.4157
17.4857
17.4857
17.4857
17.4857
17.3423
17.3423
17.3423
17.3423
16.5877
16.5877
16.5877
16.1306
16.1202
16.1109
16.1109
16.1109
16.8811
16.6002
15.7319
15.7319
16.0255
16.0255
17.0318
17.3778
17.8651
17.8651
17.8651
17.3749
17.3749
17.3749
17.3749
17.3749
17.3749
17.0446
17.0446
16.6544
16.6544
16.6544
16.6544
16.6544
16.6544
17.1412
17.1412
17.1412
17.1412
16.5598
16.4769
16.4769
16.4769
16.6871
16.6871
16.7123
15.9498
15.9498
15.9498
15.9498
15.5335
15.9095
17.2761
17.2761
17.2761
17.2761
17.2761
17.2761
17.2761
17.2761
17.2761
18.4564
18.7258
18.7258
18.5677
18.8085
18.8085
19.5188
19.5188
19.5188
19.1107
19.1107
19.1107
18.816
18.816
18.816
18.8359
18.8359
18.3656
18.3656
18.3968
18.3968
19.0513
19.0513
19.0513
19.0513
19.0513
19.0513
19.0513
19.0513
19.0513
19.1616
19.1616
18.0517
18.1427
18.2445
18.7222
18.7222
18.5636
18.5636
18.5636
18.4229
18.4229
18.1861
18.1861
18.1861
18.1861
18.1861
18.1861
18.1861
18.1861
18.1861
18.1861
18.1861
18.1861
18.1861
18.1861
18.1861
18.1861
18.1861
18.1861
18.1861
18.1861
18.1861
18.1861
18.1861
18.3371
18.3371
18.3371
18.3371
18.3371
18.3371
18.3371
18.3371
18.3371
18.3371
18.3371
18.3371
18.3371
18.3371
18.3371
18.3371
18.3371
18.3371
18.3626
18.3626
18.3626
18.3923
18.3923
18.3923
17.8697
17.8697
17.8535
17.8535
18.4468
19.0252
19.0252
18.2062
18.2062
19.0218
19.0218
19.0218
19.6014
19.6014
19.6014
19.6014
19.5707
19.5707
19.5707
19.5707
19.3667
19.3667
19.3667
18.8002
18.8002
18.8002
18.8002
18.8002
18.8002
17.7365
17.7365
17.7365
17.7365
17.7365
17.7365
17.7365
17.7365
17.7365
17.7365
17.7365
17.6308
17.6308
17.6695
17.6695
17.6695
17.6695
17.6695
17.6695
17.6695
17.6695
17.6233
17.6233
17.8463
17.8463
17.8463
17.8463
17.8463
17.8463
17.8463
17.8463
17.9701
17.9701
17.6418
17.6418
16.7193
16.7193
16.7193
16.7193
16.7193
16.7193
16.2858
16.2858
16.2858
15.9629
16.043
15.8438
15.7586
15.7586
15.9706
15.9894
15.9894
15.9894
15.9894
15.9894
16.4463
16.4463
16.4463
16.4463
16.4463
16.1968
15.6835
15.6835
16.2396
16.2396
16.2396
16.2396
16.5742
16.5742
16.5742
16.5742
16.5742
16.5742
16.8511
17.1576
17.1576
17.7849
17.7849
17.581
17.581
17.744
17.744
17.5519
17.5519
17.2393
17.2393
16.9047
16.9344
16.9344
16.9344
16.9344
16.9344
16.7706
16.7706
16.7706
16.7706
17.5322
17.5322
17.8184
17.8138
17.8138
17.5084
17.5084
17.5084
17.5084
17.5084
17.5084
16.9194
16.5162
16.5162
16.4887
16.4887
16.4464
16.4464
16.7781
16.7781
16.7781
16.9033
16.9033
16.9033
16.9033
16.9033
17.4579
17.4579
17.4579
17.4579
17.4579
17.4579
16.2479
16.2479
16.0681
16.1728
16.1728
16.1728
16.1728
16.1613
16.1613
16.7998
16.7998
16.7998
16.7998
16.9493
16.9493
17.1854
17.1854
17.1854
17.1854
18.3052
18.3052
18.3052
18.3052
18.0069
18.0069
17.4977
17.4977
17.4977
17.4977
16.7239
16.7239
16.7239
16.7239
16.7239
16.7239
16.7239
16.7239
16.7239
16.8099
16.8099
16.4767
16.4767
16.4767
16.4767
16.9585
16.9585
16.9585
16.9585
17.2026
17.2026
17.2026
17.2026
16.4454
15.9213
15.9213
15.9213
15.9213
15.9213
15.9213
15.9213
15.9213
15.8595
16.4218
16.4218
16.4218
16.4218
16.4218
16.4218
16.6662
16.6662
16.6662
16.1449
16.201
16.201
16.1784
16.9633
16.9633
16.9633
16.9633
16.9633
16.9633
16.9633
16.9633
16.9633
16.8974
16.6456
16.6456
16.6456
16.5094
16.5094
16.5094
16.5094
16.5094
16.5094
16.5094
16.5094
16.5094
15.8138
15.8364
15.8364
15.8364
15.8364
15.8364
15.7185
15.7185
15.7185
15.7185
15.63
15.63
15.63
15.63
15.63
16.2391
14.9531
14.5134
13.9897
13.9897
14.2042
14.2042
15.4922
15.4922
15.4922
15.4922
15.4922
15.4922
16.4285
16.1771
16.1771
16.3838
16.3838
16.3838
16.3838
16.3838
16.3838
16.3838
16.3838
16.3838
16.7059
16.1805
16.1805
16.1805
16.1628
16.1628
16.1628
16.1628
16.1628
16.1628
16.1628
16.1628
15.8844
15.89
15.89
15.89
15.89
16.5758
16.3544
16.3544
16.3544
16.3544
16.3544
16.3544
16.3544
16.3544
16.3544
16.3544
16.3544
16.3544
16.3544
16.3544
16.3544
16.3544
16.3544
16.3544
16.3795
16.3795
16.3795
17.5431
17.8219
17.8219
16.9288
16.9288
16.9288
16.9288
16.9288
16.9288
16.9288
16.9288
16.9696
16.9696
16.9696
16.9696
16.9696
16.6231
16.6231
16.6231
16.4633
16.4763
16.4763
15.9061
15.9061
15.9061
15.9061
15.9734
15.9734
16.9965
16.9965
16.9965
17.589
17.589
17.589
17.589
17.589
17.589
17.1838
17.0131
17.0131
17.0131
17.0131
16.963
16.963
16.963
16.963
16.963
16.963
16.963
16.8224
16.8224
16.8224
15.7993
16.5032
16.3589
16.3589
16.3589
16.6514
16.6514
16.6514
16.6514
16.6514
16.6514
16.7529
16.7529
16.7529
16.7529
16.891
16.891
17.1421
17.1421
17.1421
16.558
16.558
16.558
16.3561
16.3512
16.3512
16.3512
16.3512
16.4285
16.4285
17.1507
16.4285
16.4308
16.4308
16.151
16.151
16.151
16.151
16.151
16.151
17.1444
17.1444
17.3397
17.3397
17.3397
17.6923
18.5163
18.5163
18.5163
18.1208
18.1208
18.1208
18.1208
18.3057
18.3057
18.7055
18.7055
17.9876
17.6798
17.6798
17.6798
17.6798
17.6798
17.6691
17.6981
18.6187
18.6187
18.6187
18.6187
18.6187
18.6187
18.6187
18.6187
18.6187
18.6187
18.4571
18.4571
18.4571
18.9392
18.4707
18.4707
18.4707
18.4707
18.4707
18.4707
18.8826
18.8826
18.8826
18.8826
19.391
19.391
19.391
19.391
19.391
19.391
19.391
19.391
19.391
19.391
18.6955
18.6931
18.6931
18.2739
17.62
16.4725
15.6481
15.6481
15.6481
15.7422
15.7422
15.7422
16.1658
16.9601
16.9601
16.7576
16.7576
16.7576
16.7576
16.7576
17.145
17.145
17.145
17.2239
17.8599
17.8675
17.6252
17.6379
17.6401
17.6401
17.7098
17.7098
18.15
18.15
18.15
18.3048
18.3257
18.3257
18.3257
18.3257
18.3257
17.6997
17.6997
17.6997
17.6997
17.6997
17.6997
17.7824
17.5905
17.5905
17.5905
17.6098
17.6098
17.9175
17.9175
18.4192
18.4192
18.2645
18.2645
18.2645
18.2645
18.2645
18.2645
18.2645
18.2645
18.1335
18.6622
18.6622
18.6622
19.3763
20.103
20.103
20.103
19.3517
19.4437
19.4437
19.0286
18.1877
18.1877
19.0447
19.0447
19.0178
19.1371
19.4525
19.4525
19.4525
19.4586
18.9662
19.1831
19.1831
18.9824
18.2955
18.2955
18.2955
18.2955
18.2955
18.2466
18.3921
18.3921
18.3921
18.3921
18.5849
18.5849
18.3501
18.3501
17.946
17.946
17.946
17.8216
17.8216
17.8074
17.8074
17.2768
17.2768
17.2768
17.2768
17.7586
17.7586
17.7586
17.7586
17.2749
17.2749
16.6603
17.0721
17.0721
17.0721
18.2673
18.2673
18.2673
18.2673
18.2276
18.2276
18.2276
18.2276
17.698
17.698
17.698
17.9429
17.9429
17.9429
17.9429
17.9429
18.0697
18.0697
18.0697
18.0697
18.5897
18.5897
18.321
18.321
18.321
18.0457
18.0457
18.0457
18.1706
18.1706
18.1539
18.1539
18.1539
18.1539
18.1539
18.1539
18.1539
18.1539
18.1539
18.1539
18.1539
18.0538
18.0538
18.0538
18.0538
18.0538
17.8708
17.8708
17.8708
17.4217
17.4217
18.2948
18.2948
18.4267
18.4267
18.4267
18.4267
18.3223
18.3223
18.3223
18.3223
18.3223
18.3223
18.4854
18.4854
18.3024
18.3024
17.1071
17.2673
17.1071
16.8306
17.0079
17.0079
17.2963
17.1659
17.1659
16.8763
16.8763
16.8763
16.4448
16.4448
16.4448
16.2527
15.674
15.674
16.51
16.51
16.51
16.3645
16.3645
16.3645
16.3645
16.3645
16.3645
16.3645
16.3645
16.768
16.768
16.373
16.1415
16.1415
16.2701
16.8632
16.8632
16.4737
16.4737
16.4737
16.4737
16.1928
16.1928
16.1928
16.3624
16.3624
16.2548
16.2768
16.2768
16.231
16.231
16.231
15.7873
15.5692
15.5692
15.5692
15.5692
15.5692
16.187
16.187
16.187
16.187
16.5601
16.5601
16.5601
16.5601
16.5601
16.5601
17.0039
17.0039
17.0039
17.0039
17.0357
17.0357
17.0357
17.0357
17.5217
17.2364
16.704
16.704
16.7807
16.893
17.2517
17.2517
17.2517
17.2517
17.2517
17.2517
17.2517
17.2517
17.2517
17.2517
17.2517
17.2517
17.8529
17.8529
17.4307
17.6625
17.6625
17.6625
17.6625
17.6625
17.6625
17.6625
17.6625
17.6625
17.7127
17.7127
17.7127
17.7127
17.7127
17.7127
17.8065
17.9334
17.9334
17.6295
17.6295
17.6295
16.9397
17.6295
17.8361
18.4123
18.4123
18.4123
17.7584
18.0311
18.0311
18.0311
18.0311
18.653
18.8383
18.8383
18.8383
18.0088
18.0088
18.0088
18.0088
18.2943
18.2943
18.4091
18.4091
17.6935
18.4869
18.4869
18.4869
18.4869
18.4369
18.4369
18.4369
18.4369
18.4233
18.4233
18.4233
18.4233
18.4233
18.0188
17.9955
17.9955
17.9955
18.5168
18.5168
18.5168
18.5168
18.5168
18.5168
18.6706
18.4249
18.4249
18.4249
18.4249
18.4009
18.4009
18.4009
18.4009
18.4009
18.4631
18.5029
18.5029
18.5994
18.5994
18.764
18.8874
18.8874
18.8874
18.8874
18.943
18.943
18.943
18.943
18.943
18.943
18.9032
18.9032
18.9032
18.9032
18.9032
18.7886
18.7886
18.7886
18.7886
18.7886
18.7886
18.9142
18.9142
18.9142
18.9142
18.9142
19.4723
19.4723
19.4545
19.065
19.0621
19.0621
18.7409
18.7409
18.7409
18.9409
18.9409
18.9409
18.7805
18.7782
18.7782
19.0195
19.0195
19.0195
19.0195
19.0195
19.0195
18.6798
18.6798
18.6798
18.0891
18.0891
18.8948
18.8948
18.8948
18.8948
18.8948
18.3134
18.3134
18.3134
18.3134
18.3134
17.0487
17.0487
17.4671
17.4671
17.4671
17.4671
17.4671
17.4671
18.5023
18.5023
18.5023
18.5023
18.2237
18.2237
18.2237
18.3229
18.3229
18.3229
18.3229
18.215
18.215
18.2178
18.7113
18.7113
19.2927
19.2927
19.2927
19.2939
19.2939
19.0487
19.0252
19.0252
19.1134
19.1134
18.9572
18.9572
18.8841
18.8841
18.8841
18.8841
18.8841
19.208
19.5394
19.5394
20.078
20.078
20.078
20.0111
20.0111
20.0111
20.0111
20.0111
19.2965
19.2965
18.8054
18.8054
18.8054
18.808
18.808
18.808
18.808
17.7655
17.7655
17.7655
18.3922
18.121
18.121
17.9153
17.9153
17.1156
17.1156
17.1156
16.7772
16.7772
16.9693
16.9693
16.9693
16.9693
16.9693
16.9693
16.9693
17.3258
17.3258
17.3258
17.7376
17.7376
17.7376
17.7376
18.4194
18.4194
18.155
18.155
18.155
18.109
17.6876
17.6876
17.6876
17.6876
17.6481
17.6481
17.6065
17.6065
18.5256
18.8096
18.8096
18.8096
18.8096
18.8096
18.8361
19.0515
19.0515
19.0515
18.2741
18.2741
18.263
18.263
18.263
18.263
18.774
18.774
18.774
18.8787
18.8787
18.8787
18.8787
18.8787
18.8787
18.8787
18.8787
18.8787
18.8787
18.8787
18.8787
18.8787
18.8787
18.8787
18.8787
18.9652
18.9652
18.9652
18.6086
18.6086
18.6086
18.944
18.944
18.944
18.944
18.944
19.7782
19.7782
19.7993
19.7993
19.8197
19.8197
20.4794
20.4794
20.4794
20.4994
20.4994
19.3391
19.3391
19.2729
19.2729
19.1322
19.1322
19.1322
18.0572
18.0572
18.0572
18.0572
18.0387
18.0387
18.0387
18.0387
17.7904
17.7256
17.7256
17.7256
17.7256
17.7256
17.7256
17.7256
18.2507
18.2507
18.2507
18.7197
18.0389
18.0389
18.0389
18.1952
18.1952
18.1952
18.1952
18.1952
18.1952
18.1952
18.1952
18.1952
18.1952
18.1952
18.1786
18.1786
18.1786
18.1786
18.3401
18.2754
18.2754
18.2754
18.2754
18.2754
18.2754
18.2754
18.202
18.202
18.202
17.5747
17.5747
18.2054
18.2054
18.4385
18.4385
18.4385
19.0038
18.0874
18.0874
18.0874
18.0874
17.2364
17.2364
17.2364
17.2364
17.2364
17.2364
17.2364
17.2364
17.2364
17.4306
17.4306
17.6674
17.6674
17.6674
17.6674
17.6674
17.9733
17.9733
17.9733
17.9733
18.1044
18.1044
18.1044
18.1044
18.1044
18.6118
18.6118
18.6118
18.4646
18.4646
17.9218
17.9218
17.9218
17.9218
17.9218
17.9218
17.9218
17.9218
17.9218
17.9218
17.9218
17.883
17.883
17.9302
17.9302
17.9302
17.914
17.4665
17.3445
17.3445
17.3445
17.3445
17.3445
17.3445
17.3445
17.6694
17.6694
17.6694
16.8149
16.8149
16.8149
17.2235
17.2235
17.2235
17.2235
17.0658
17.5546
17.5546
17.5546
18.334
18.334
18.334
18.3977
18.3977
18.3977
17.7091
17.7091
18.1018
18.1018
18.1018
18.1018
18.1018
18.1018
18.1018
18.1018
18.1018
18.1018
18.2847
18.2847
18.3418
18.3418
18.5897
18.5897
18.6999
18.6999
18.6999
19.0362
19.0362
19.0362
19.0362
19.0012
19.0012
19.0012
19.0012
18.6361
18.6361
18.348
18.348
17.9045
17.9045
17.9045
17.9045
17.9021
17.9109
17.9757
17.9757
17.9757
17.9436
17.9436
17.7571
17.8902
17.8902
17.5914
18.1165
18.1165
17.9977
18.3219
18.3219
17.8852
17.8852
17.8852
17.8852
17.7459
17.7459
17.7459
17.7459
17.7459
17.7459
17.7459
17.7459
17.7459
17.7459
17.7459
17.8071
17.7542
17.7542
17.7542
17.7542
17.7958
18.5258
18.5258
18.5258
18.5258
18.6641
18.3416
18.3416
18.3416
18.3416
18.3553
18.3553
18.3553
18.3553
18.6913
18.6913
18.6913
17.9245
17.9245
17.9245
18.2125
17.9245
17.9245
16.5859
16.5859
16.7649
17.1944
17.1944
17.1944
17.1944
17.1944
17.1944
17.1944
17.1944
16.9135
17.1944
17.1944
17.1944
17.1944
17.4282
17.4282
17.4282
17.4282
17.4282
17.4282
17.4126
17.3346
17.0867
17.0867
17.0867
17.0867
16.6073
16.6073
16.6073
16.6073
15.7852
15.7852
15.7852
15.7852
15.7852
15.7852
15.8487
15.8487
15.8398
15.8398
15.8398
15.8398
15.8398
15.8398
15.8398
15.8398
15.8398
15.8398
15.8398
15.8398
15.8398
15.8209
15.8209
15.8209
15.5666
15.7784
16.186
15.9946
16.0009
16.0009
16.138
16.138
16.138
16.138
16.138
16.138
16.138
16.138
16.138
16.138
16.1283
15.6085
15.6085
15.6085
15.6085
15.5696
16.9216
16.9216
16.9216
16.753
17.5221
17.5221
17.5221
17.5221
17.5221
17.5221
17.5221
17.5221
17.6823
17.6823
17.6823
17.4623
17.4623
17.4623
17.4623
17.4623
17.4623
17.4623
17.4623
16.8115
16.8115
16.8115
17.2945
17.2945
17.2945
17.8175
17.8175
17.782
17.86
17.86
17.9912
18.0457
18.0457
17.2224
17.2224
17.4653
17.4653
17.4724
17.4724
16.9644
16.9644
16.9644
16.3862
16.3862
16.3862
16.3862
16.3862
16.3862
15.9813
15.9813
16.9159
16.9159
16.9159
16.9159
16.9159
17.3094
17.3094
17.3094
17.3094
17.3094
17.3094
17.3094
17.3351
18.3051
17.8946
17.8946
17.8209
17.8209
17.8209
18.1064
18.3962
18.4629
18.4629
18.1898
18.1898
18.1898
18.1898
18.1898
18.1898
18.1898
18.1898
18.1898
17.9442
17.4553
17.4553
17.4553
17.4553
17.4553
17.4553
17.4553
17.4553
17.4553
17.2526
17.2526
17.3039
17.3039
17.3039
17.3039
18.2169
18.2169
18.2169
18.2169
18.2169
18.2169
18.2169
17.1396
17.1396
17.1396
17.4368
17.4368
17.4368
17.4368
17.6356
17.6356
17.6356
17.6356
17.5293
17.5293
17.5293
17.5293
17.5293
18.0095
18.0095
18.0095
17.6313
17.6313
17.6313
17.6313
17.6313
17.2203
17.1556
17.0843
17.0843
17.0843
17.0843
17.0843
17.0843
17.0843
17.0843
17.0843
17.0843
17.0843
17.0843
17.4486
17.4486
17.4486
17.0843
17.0843
16.3502
16.0728
16.0728
16.2921
16.2921
16.2921
16.2921
16.2921
16.2921
16.2921
16.4044
16.4044
16.4044
16.4044
16.4044
16.4044
16.4044
16.4044
16.4044
16.4044
16.5048
16.5048
16.5048
16.2893
16.0634
16.0634
16.4093
16.6634
16.6634
16.6837
16.4837
16.4837
16.4837
16.4837
16.6831
16.6831
15.979
15.979
15.979
15.979
15.979
16.5126
16.5126
16.497
16.497
16.2718
16.2718
17.5068
17.5068
17.5068
17.8546
17.8546
17.8546
17.8546
17.6592
17.6592
17.6592
17.6525
17.6525
17.6525
17.6525
17.6525
17.6525
18.1292
18.0287
18.0287
18.4892
18.4892
18.4892
18.3603
19.1205
18.6293
18.382
18.382
18.6872
18.6872
19.5491
19.2472
19.2472
19.2472
19.2472
19.2472
19.2472
19.2472
18.2332
18.2332
18.2415
18.2415
18.2415
18.2415
18.2415
18.2415
18.2415
18.2415
18.2415
18.2415
18.0643
17.4784
17.4784
17.4784
17.4784
17.4784
17.4784
17.4784
17.8221
17.8221
17.8221
17.5838
17.5838
17.5838
17.5838
17.7935
17.7935
17.3744
17.3744
17.3744
16.6202
16.6202
16.6202
16.6202
16.3308
16.3308
16.3308
16.3308
16.3308
16.3308
16.3308
16.5112
16.5112
16.1982
16.1982
16.1982
16.1982
16.1982
16.078
16.078
16.078
16.078
16.078
16.078
16.7119
16.068
16.068
16.068
15.4237
15.4237
15.4237
15.4237
15.4237
15.4237
15.4237
15.4237
15.4237
15.4316
15.4316
15.4316
15.6641
15.6641
15.6641
15.6641
15.6641
15.6641
15.6641
15.4312
15.4312
15.4312
15.4312
15.4312
15.4312
15.4312
15.4312
15.4312
15.4312
15.4312
15.4312
15.4312
15.368
15.368
15.368
15.368
15.3901
15.3901
15.6282
15.6282
15.7721
15.7721
15.9212
15.9212
15.9212
15.9212
16.1017
14.8593
14.8593
14.8593
14.8593
14.9132
14.6916
14.6916
14.6916
14.6916
14.6916
14.83
14.7286
14.7286
14.5899
14.5899
15.6295
15.6295
15.6295
15.6295
15.6295
15.6295
15.6295
15.6295
15.6295
15.6295
15.6295
15.6295
15.6295
15.6295
15.6295
15.6295
15.6295
15.2883
15.2883
15.4409
15.5303
15.5945
15.5945
15.5945
15.5945
15.5945
15.5945
15.5945
15.5945
15.5945
15.5825
15.7664
15.7664
15.7664
15.8812
15.8812
15.8812
15.8812
14.9735
14.9735
15.1048
15.1048
15.1048
15.1048
15.1048
15.1048
15.6077
15.6077
15.6077
15.6077
15.6077
15.6077
16.0015
16.0015
15.7277
15.7277
15.7277
15.7277
15.7277
15.7277
15.7277
15.7277
15.7277
15.0009
15.0009
15.0009
15.0009
15.0009
15.6972
15.6972
15.6972
15.6972
15.6661
16.0283
16.0283
16.3155
16.2666
16.2666
16.8397
16.8397
16.866
16.866
16.866
16.866
16.866
16.866
16.866
16.866
16.866
16.866
16.866
16.866
16.866
16.866
16.866
16.866
16.866
16.866
16.866
16.866
16.8718
16.8718
16.8718
15.7613
15.3064
15.3064
15.3064
15.252
15.252
15.252
14.3521
14.3521
14.3521
14.3521
14.3836
14.3836
14.3573
14.3573
14.3573
14.0854
14.0578
14.0578
14.0578
14.0578
14.0578
14.0578
14.4921
14.4921
14.4921
14.4921
14.4921
14.4921
14.4921
14.4921
14.4921
14.4921
14.4921
14.4921
13.9031
13.9031
13.9031
13.8379
13.8379
14.0887
14.0887
14.0887
14.0887
14.0887
14.0887
14.0887
14.0887
14.0887
14.0887
14.0887
14.0887
14.0887
14.0887
13.9977
13.9977
13.9977
13.9977
13.9977
13.9977
13.9977
13.9715
13.9715
13.9715
14.638
14.638
14.638
14.638
14.638
14.638
14.638
14.638
14.638
14.632
15.1456
15.1456
15.1456
15.6525
15.6525
15.743
15.4769
15.4769
15.4769
15.4769
15.4769
15.4769
15.49
15.7448
15.7448
15.7448
15.7448
15.9793
16.0892
16.0892
16.0892
16.0762
16.0762
16.0762
16.0762
16.1754
16.1754
16.1754
16.1754
16.1754
16.1754
16.1754
15.8952
14.4826
14.4826
14.4826
14.4826
14.4826
14.4826
14.4826
14.9094
14.9094
14.9094
14.9094
14.9094
14.9094
14.7514
14.7514
14.7514
15.3119
15.3119
15.3119
14.7828
14.7828
14.7828
14.7828
14.7828
14.7562
14.7562
14.7915
14.7915
14.4825
14.4825
14.4825
14.4825
14.4825
14.4825
14.4825
14.5241
14.5241
14.4117
14.4484
14.4484
14.4484
14.4484
14.4484
14.4484
14.4484
14.4484
14.4484
14.4484
14.039
14.039
14.039
14.039
14.039
14.039
14.039
14.087
14.087
14.087
14.087
14.087
14.087
14.087
14.087
13.6022
13.6022
13.6022
13.6022
13.6022
13.6022
13.6022
13.6022
13.6022
13.6022
13.793
13.793
14.4369
14.4369
14.4369
14.4369
14.4369
14.3581
14.3581
14.3018
14.3018
14.3018
14.3018
14.367
14.367
14.367
14.367
14.367
14.367
14.5869
14.5869
14.5869
14.5869
14.5869
14.5869
14.5869
14.5869
14.5869
14.5869
14.5869
15.0129
15.0129
15.0129
15.0129
14.5522
14.3733
14.3733
14.3733
14.3733
14.3733
14.3733
14.3733
14.3733
14.3733
14.3733
14.3733
14.3733
14.3733
15.0341
15.4611
15.4611
15.4611
15.4611
15.4611
15.4611
15.4611
15.4611
15.4611
15.4611
15.4611
15.4611
14.7693
15.0363
15.0363
15.1061
15.1061
15.1061
15.1061
15.814
15.814
15.814
15.9168
15.9168
15.9168
15.9168
15.9168
15.9168
15.9168
15.9168
15.8296
15.8348
15.8348
15.8348
15.6785
15.6785
15.6785
15.6785
15.6785
15.6785
15.6785
15.6785
15.6785
15.6785
15.6785
15.6785
15.6785
15.6785
15.6785
15.6785
15.6785
15.6785
15.7917
15.7917
15.7646
15.7646
15.0346
15.0346
14.7431
14.7431
14.7431
14.7431
14.7431
14.7527
14.7527
14.7527
14.7286
14.7286
14.7286
14.7286
14.5107
14.5107
14.5107
14.3913
14.3913
14.3913
14.3913
14.3913
14.3913
14.3913
14.3913
14.3913
14.3913
14.3913
13.339
13.339
13.339
13.339
13.1427
13.162
13.162
13.162
13.162
13.162
13.162
13.1409
13.1409
13.1665
13.1665
13.1665
13.1665
13.1665
13.1665
13.1665
13.1665
13.1665
13.1665
13.1317
13.1317
13.1317
13.1317
13.1317
13.1317
13.1317
13.1317
13.1317
13.1317
13.2702
13.2702
13.1929
13.1929
13.1929
13.1929
13.1929
13.1929
13.1929
12.9616
12.9616
12.9616
12.9616
12.9616
12.9616
13.1838
13.1838
13.1838
13.1838
12.8793
12.8793
12.8793
12.8793
12.6228
12.6228
12.6228
12.6228
12.6228
12.6585
12.6585
12.6585
12.6585
12.6585
12.6585
12.6585
12.6585
12.6585
12.6895
12.6895
12.6895
12.6895
12.6895
12.6895
12.6895
12.6895
13.2456
13.2456
13.2456
12.6088
12.6088
12.6088
12.6088
12.6088
12.6088
12.6088
12.6088
12.6088
12.6088
12.9264
12.9264
13.1526
13.133
13.133
12.9826
12.9826
12.9826
13.2572
13.2572
13.2572
12.9499
13.0598
13.0598
13.0598
13.0598
13.0598
13.0598
13.0598
13.0598
13.5628
13.5628
13.5411
13.5411
13.5521
13.5521
13.5521
13.5521
13.5521
13.5521
13.5521
13.9134
13.9134
13.8273
13.8273
13.8273
13.8273
13.8273
13.8273
13.8273
13.8273
13.8273
13.8273
13.8273
13.8273
13.8273
13.3727
13.3727
13.3727
13.3727
13.3727
13.3237
13.3727
13.1163
13.09
13.09
13.09
13.09
13.09
13.09
13.09
13.09
13.09
13.1298
13.028
13.028
13.028
13.0079
13.0079
13.0079
13.5442
13.9289
13.9289
13.9289
13.9289
13.9289
13.9289
13.9289
13.9289
13.9289
13.9289
13.9289
13.8367
13.8367
13.8367
13.8367
13.8641
13.8641
13.8641
13.8641
13.8641
13.8641
13.8641
13.8641
13.8683
13.8683
13.8683
14.1073
14.1948
14.1948
14.1948
14.1948
14.8018
14.8018
14.6209
14.6209
14.6209
14.6209
14.6209
14.6209
14.3897
14.3897
13.5628
13.5628
13.5628
13.5628
13.5628
13.5628
13.5628
13.5628
13.5628
13.6159
13.6159
13.6159
13.6159
13.6159
13.6159
13.6159
13.6159
13.6159
13.6159
13.6159
13.7108
13.7108
14.2372
14.2372
14.337
14.337
14.337
14.337
14.337
14.1243
14.1243
14.1243
14.1243
14.1243
14.1243
14.4508
14.4508
14.4508
14.4508
14.4508
14.4508
14.4508
14.431
14.431
14.4737
14.4737
14.4737
14.4737
14.4737
14.4737
14.4737
13.9873
13.9873
13.9873
13.9873
13.9873
13.9873
13.9873
13.9873
13.9873
13.9873
13.9873
13.9325
13.9325
13.9325
13.9325
13.9325
13.9325
13.9325
13.9325
13.9325
13.9325
13.9325
13.9325
13.9325
13.9325
14.4293
14.4293
14.4293
14.4293
14.4293
14.4293
14.4293
14.4293
14.4293
14.9548
14.9548
14.9548
14.9548
14.9548
14.9548
14.774
14.774
14.774
14.774
14.774
14.774
14.774
14.774
14.774
14.774
14.774
14.774
14.774
14.774
14.774
14.774
14.774
14.774
14.774
14.774
14.7395
15.0165
15.5365
15.5365
15.6227
15.6227
15.6572
15.7063
15.7063
15.7063
15.7063
15.7063
15.8761
15.8761
15.8761
15.8761
15.8761
15.8761
15.8761
15.5324
15.5324
15.5324
15.5324
15.5324
15.5324
15.8013
15.8013
15.8013
15.858
15.3307
15.3307
15.5923
15.0511
15.0511
15.0511
15.0511
14.7912
14.4048
14.4048
14.4048
14.4419
14.4419
14.4419
13.1569
13.0073
13.1562
13.4261
13.4261
13.4821
13.4946
13.4946
13.7492
13.7809
13.7809
13.7809
13.7809
13.7809
13.7809
13.7809
13.7809
13.7809
13.7809
13.7809
13.7809
13.7809
13.6974
13.6974
13.6974
13.6974
13.9802
13.9802
13.9802
13.9802
13.9802
13.9802
13.9802
14.0237
14.0237
14.0237
14.0237
14.0237
14.0237
14.474
14.474
14.474
14.4782
14.4782
14.6658
14.6658
13.8547
13.8547
13.8547
13.8547
13.8547
13.8547
13.8547
13.8547
13.8547
13.8547
13.8547
13.8547
14.3205
14.4433
14.4433
14.4433
14.4433
14.6696
13.9699
13.9699
13.9699
13.9699
13.9699
13.9699
13.9699
13.9699
13.9699
14.0219
14.0219
14.0219
14.0219
14.0219
14.1842
14.1596
14.1596
14.1596
14.1444
13.959
13.959
13.959
13.959
14.1234
14.1234
14.1234
13.8833
13.8833
13.8833
13.8495
13.8495
13.8495
13.8495
13.8495
13.8495
13.8495
13.8495
13.8495
13.8495
13.8495
13.8495
13.8495
13.8495
13.8495
13.8495
13.775
13.775
13.775
13.775
13.7004
13.7004
13.7004
13.7004
13.7004
13.7004
13.7004
13.7004
13.7004
13.7004
13.7004
13.7004
13.7004
13.7004
13.7004
13.7004
13.7004
13.7004
13.7004
13.7004
13.7004
14.0189
14.0189
13.486
13.486
13.4322
12.7893
12.7893
12.7893
13.0606
13.0606
13.0606
13.0606
13.0606
13.0606
13.0606
13.0606
13.0606
13.0606
13.0606
13.0606
13.0606
13.0606
13.0607
13.0606
13.0606
13.103
13.103
13.103
13.103
13.103
13.103
13.4403
13.4403
13.4403
13.4403
13.4403
13.8181
13.8181
13.8181
13.8478
14.4678
14.4678
14.4678
14.4678
14.4678
14.4678
14.4678
14.397
14.397
14.397
14.397
14.397
14.397
14.397
14.397
14.397
14.397
14.397
14.397
14.397
14.397
14.397
14.397
14.397
13.9898
13.9898
13.9898
13.9898
13.9898
13.9898
13.9898
13.9898
13.9898
13.9814
13.7691
13.7691
13.7691
13.7691
13.7691
13.7691
13.7691
13.7691
13.7691
13.1151
13.1151
13.1151
13.1151
13.1151
13.1151
13.1151
13.1151
13.0286
13.0286
13.0286
13.0286
13.0286
13.0286
12.8079
12.8079
12.8079
12.8079
12.8079
12.8079
12.8079
12.8079
12.8079
12.8079
12.8079
12.8079
12.8079
12.8079
12.8079
12.8079
12.8079
12.8079
12.8079
12.8079
12.7693
12.7693
12.7693
12.7693
12.7693
12.494
12.494
12.4636
12.4636
12.4636
12.4636
12.4636
12.4636
12.4636
12.4636
12.5044
12.5044
12.5044
12.5044
12.5044
12.5044
12.5044
12.5044
12.5044
12.5044
12.5044
12.5044
12.5044
12.5044
12.5044
12.5044
12.5044
12.5044
12.5044
12.5044
12.5044
12.5044
12.5044
12.5044
12.5044
12.5044
12.1423
12.1423
12.1423
11.9377
11.9377
11.9377
11.8213
11.8213
11.8213
11.8213
11.8213
11.8213
11.8213
11.8213
11.8213
11.8213
11.8213
11.8213
11.8213
11.8213
11.8213
11.8213
11.8213
11.8213
11.8213
11.8213
11.8213
11.8213
11.8213
11.8213
11.8213
11.8213
11.8213
11.8213
11.8213
11.8213
11.8213
11.8213
11.8213
11.6931
11.6931
11.6931
11.6931
11.4278
11.4278
11.4278
11.4278
11.4278
11.4278
11.4278
11.4278
11.4278
11.4278
11.4278
11.4278
11.4278
11.4278
11.4278
11.4124
11.3198
11.3198
11.3198
11.3198
11.3198
11.3198
11.3198
11.3198
11.3198
11.3198
11.3198
11.3198
11.3198
11.1656
11.1656
11.1656
11.1656
11.1656
11.1656
11.1656
11.1656
11.1656
11.1656
11.1656
11.1656
11.1656
11.1656
11.1656
11.1656
11.1656
11.1656
11.1656
11.1656
11.1656
11.1656
11.1656
11.1656
11.1656
11.1656
11.1656
11.1656
11.1656
11.1656
11.1656
11.1656
11.1656
11.1656
11.1079
11.1079
11.1079
11.1079
11.1079
11.1079
11.1079
11.1079
11.1079
11.1079
11.1079
11.1079
11.1079
11.1079
10.8447
10.8447
10.8447
10.8447
10.8447
10.8447
10.8447
10.8447
10.8447
10.8447
10.8447
10.8447
10.8447
10.8447
10.8447
10.8447
10.8447
10.8447
10.8447
10.8447
10.8447
10.8447
10.8447
10.8447
10.8447
10.8447
10.8447
10.8447
10.8447
10.8447
10.8447
10.8447
10.8447
10.8447
10.8447
10.8447
10.8447
10.8447
10.8447
10.8447
10.8447
10.8447
10.8447
10.8447
10.8447
10.8447
10.8447
10.8447
10.8447
10.8447
10.8447
10.8447
10.8447
10.8447
10.8447
10.8447
10.8447
10.8447
10.8447
10.4884
10.4884
10.4884
10.4884
10.4884
10.4884
10.4884
10.4884
10.4884
10.4884
10.4884
10.4884
10.4884
10.4884
10.4884
10.4884
10.4884
10.4884
10.3923
10.3923
10.3923
10.0446
10.0446
10.0446
10.0446
10.0446
10.0446
10.0446
10.0446
10.0446
10.0446
10.0446
10.0446
10.0446
9.56118
9.56118
9.56118
9.08901
9.08901
9.08901
9.08901
9.08901
9.08901
9.08901
9.01374
9.01374
9.01374
9.01374
9.01374
9.01374
9.01374
9.01374
9.01374
9.01374
9.01374
9.01374
8.93062
8.93062
8.93062
8.93062
8.93062
8.93062
8.93062
8.93062
8.93062
8.93062
8.93062
8.93062
8.93062
8.93062
8.93062
8.93062
8.93062
8.93062
8.93062
8.93062
8.93062
8.93062
8.93062
8.93062
8.93062
8.93062
8.93062
8.93062
8.93062
8.93062
8.93062
8.93062
8.93062
8.93062
8.93062
8.93062
8.93062
8.93622
8.93622
8.93622
8.93622
8.93622
8.93622
8.93622
8.93622
8.93622
8.93622
8.93622
8.93622
8.93622
8.93622
8.93622
8.93622
8.93622
8.93622
8.93622
8.93622
8.93622
8.93622
8.93622
8.93622
8.93622
8.93622
8.93622
8.93622
8.93622
8.93622
8.93622
8.93622
8.93622
8.93622
8.93622
8.93622
8.75885
8.75885
8.75885
8.75885
8.75885
8.75885
8.75885
8.75885
8.75885
8.75885
8.75885
8.75885
8.75885
8.75885
8.75885
8.75885
8.75885
8.75885
8.75885
8.75885
8.75885
8.75885
8.75885
8.75885
8.75885
8.75885
8.75885
8.75885
8.75885
8.75885
8.75885
8.75885
8.19453
8.19453
8.19453
8.19453
8.19453
8.19453
8.19453
7.95098
7.95098
7.95098
7.95098
7.95098
7.95098
7.95098
7.95098
7.95098
7.95098
7.95098
7.95098
7.95098
7.95098
7.95098
7.95098
7.58372
7.58372
7.58372
7.58372
7.58372
7.58372
7.58372
7.58372
7.58372
7.58372
7.58372
7.58372
7.58372
7.55347
7.55347
7.55347
7.55347
7.57698
7.57698
7.57698
7.57698
7.57698
7.57698
7.57698
7.57698
7.57698
7.57698
7.57698
7.57698
7.57698
7.57698
7.57698
7.57698
7.57698
7.57698
7.57698
7.57698
7.57698
7.57698
7.57698
7.57698
7.57698
7.57698
7.57698
7.57698
7.57698
7.57698
7.57698
7.57698
7.57698
7.57698
7.57698
7.57698
7.57698
7.57698
7.57698
7.57698
7.57698
7.57698
7.57698
7.57698
7.57698
7.57698
7.57698
7.57698
7.57698
7.57698
7.57698
7.57698
7.57698
7.57698
7.57698
7.57698
7.57698
7.57698
7.57698
7.57698
7.57698
7.57698
7.57698
7.57698
7.57698
7.57698
7.57698
7.57698
7.57698
7.57698
7.57698
7.57698
7.57698
7.57698
7.57698
7.57698
7.57698
7.57698
7.57698
7.57698
7.57698
7.57698
7.57698
7.57698
7.57698
7.57698
7.57698
7.57698
7.57698
7.57698
7.57698
7.57698
7.57698
7.57698
7.57698
7.57698
7.57698
7.57698
7.57698
7.57698
7.57698
7.57698
7.57698
7.57698
7.57698
7.57698
7.57698
7.57698
7.57698
7.57698
7.57698
7.57698
7.57698
7.57698
7.57698
7.57698
7.57698
7.57698
7.57698
7.57698
7.57698
7.57698
7.57698
7.57698
7.57698
7.57698
7.57698
7.57698
7.57698
7.57698
7.57698
7.57698
7.57698
7.57698
7.57698
7.57698
7.57698
7.57698
7.57698
7.57698
7.57698
7.57698
7.57698
7.57698
7.57698
7.57698
7.57698
7.57698
7.57698
7.57698
7.57698
7.57698
7.57698
7.57698
7.57698
7.57698
7.57698
7.57698
7.57698
7.57698
7.57698
7.57698
7.57698
7.57698
7.57698
7.57698
7.57698
7.57698
7.58268
7.58268
7.58268
7.58268
7.57803
7.57803
7.57803
7.57803
7.57803
7.57803
7.57803
7.57803
7.57803
7.57803
7.5792
7.5792
7.5792
7.5792
7.5792
7.5792
7.5792
7.5792
7.5792
7.5792
7.5792
7.5792
7.5792
7.5792
7.5792
7.5792
7.5792
7.5792
7.5792
7.5792
7.5792
7.5792
7.5792
7.5792
7.5792
7.5792
7.5792
7.5792
7.5792
7.5792
7.5792
7.5792
7.5792
7.5792
7.5792
7.5792
7.5792
7.5792
7.5792
7.5792
7.5792
7.5792
7.5792
7.59748
7.59748
7.59748
7.59748
7.59748
7.59748
7.59748
7.59748
7.59748
7.59748
7.59748
7.59748
7.59748
7.59748
7.59748
7.59748
7.59748
7.59748
7.59748
7.59748
7.59748
7.59748
7.59748
7.59748
7.59748
7.31164
7.31164
7.31164
7.31164
7.31164
7.31164
7.31164
7.31164
7.31164
7.31164
7.31164
7.31164
7.31164
7.31164
7.31164
7.31164
7.31164
7.31164
7.31164
7.31164
7.31164
7.31164
7.31164
7.25042
7.25042
7.25042
7.25042
7.13555
7.13555
7.13555
7.13555
7.13555
7.13555
7.13555
7.13555
7.13555
7.13555
7.13555
7.13555
7.13555
7.13555
7.13555
7.13555
7.13555
7.13555
7.13555
7.13555
7.13555
7.13555
7.13555
7.13555
7.13555
7.13555
7.13555
7.13555
7.13555
7.13555
7.13555
7.13555
7.13555
7.13555
7.13555
7.13555
7.13555
7.13555
7.13555
7.13555
7.13555
7.13555
7.13555
7.13555
7.13555
7.13555
7.13555
7.13555
7.13555
7.13555
7.13555
7.13555
7.13555
7.13555
7.13555
7.13555
7.13555
7.13555
7.13555
7.13555
7.13555
7.13555
7.13555
7.13555
7.13555
7.13555
7.13555
7.13555
7.13555
7.13555
7.13555
7.13555
7.13555
7.13555
7.13555
7.09068
7.09068
7.09068
7.09068
7.09068
7.09068
7.09068
7.09068
7.09068
7.09068
7.09068
7.09068
7.09068
7.09068
7.09068
7.09068
7.09068
7.09068
7.09068
7.09068
7.09068
7.09068
6.9042
6.9042
6.9042
6.9042
6.9042
6.9042
6.9042
6.9042
6.9042
6.9042
6.9042
6.9042
6.9042
6.9042
6.9042
6.9042
6.9042
6.9042
6.9042
6.9042
6.9042
6.9042
6.9042
6.9042
6.9042
6.9042
6.9042
6.9042
6.9042
6.9042
6.9042
6.93806
6.93806
6.93806
6.93806
6.93806
6.93806
6.93806
6.93806
6.93806
6.93806
6.93806
6.93806
6.93806
6.93806
6.93806
6.93806
6.93806
6.93806
6.93806
6.93806
6.93806
6.93806
6.93806
6.93806
6.93806
6.93806
6.93806
6.93806
6.93806
6.93806
6.93806
6.93806
6.93806
6.93806
6.93806
6.93806
6.93806
6.93806
6.93806
6.93806
6.93806
6.93806
6.93806
6.93806
6.93806
6.93806
6.93806
6.93806
6.93806
6.93806
6.93806
6.93806
6.93806
6.93806
6.93806
6.93806
6.93806
6.93806
6.93806
6.93806
6.93806
6.93806
6.93806
6.93806
6.93806
6.93806
6.93806
6.93806
6.73471
6.73471
6.73471
6.73471
6.73471
6.73471
6.73471
6.73575
6.73575
6.73575
6.73575
6.73575
6.73575
6.73575
6.73575
6.73575
6.73575
6.73575
6.73575
6.73575
6.73575
6.73575
6.73575
6.73575
6.73575
6.73575
6.73575
6.73575
6.73575
6.73575
6.73575
6.73575
6.73575
6.73575
6.73575
6.73575
6.73575
6.73575
6.73575
6.73455
6.73455
6.73455
6.73455
6.73455
6.73455
6.73455
6.73455
6.73455
6.73455
6.73455
6.73455
6.73455
6.73455
6.73455
6.73455
6.73455
6.73455
6.73455
6.73455
6.73455
6.73455
6.73455
6.73455
6.73455
6.73455
6.73455
6.73455
6.73455
6.73455
6.73455
6.73455
6.73455
6.73455
6.73455
6.73455
6.73455
6.73455
6.73455
6.73455
6.73455
6.73455
6.73455
6.73455
6.73455
6.73455
6.73455
6.73455
6.73455
6.73455
6.73455
6.73455
6.73455
6.73455
6.73455
6.73455
6.73455
6.73455
6.73455
6.73455
6.73455
6.73455
6.73455
6.73455
6.73455
6.73455
6.73455
6.73455
6.73455
6.73455
6.73455
6.73455
6.73455
6.73455
6.73455
6.73455
6.73455
6.73455
6.73455
6.73455
6.73455
6.73455
6.73455
6.73455
6.73455
6.73455
6.73455
6.73455
6.73455
6.73455
6.73455
6.73455
6.73455
6.73455
6.73455
6.73455
6.73455
6.73455
6.73455
6.73455
6.73455
6.73455
6.73455
6.73455
6.73455
6.73455
6.73455
6.73455
6.73455
6.73455
6.73455
6.73455
6.73455
6.73455
6.73455
6.73455
6.73455
6.73455
6.73455
6.73455
6.73455
6.73455
6.73455
6.73455
6.73455
6.73455
6.73455
6.73455
6.73455
6.73455
6.73455
6.73455
6.73455
6.73455
6.73455
6.73455
6.73455
6.73455
6.73455
6.73455
6.73455
6.73455
6.73455
6.73455
6.73455
6.73455
6.73455
6.73455
6.73455
6.73455
6.73455
6.73455
6.73455
6.73455
6.73455
6.73455
6.73455
6.73455
6.73455
6.73455
6.73455
6.73455
6.73455
6.73455
6.73455
6.73455
6.73455
6.73455
6.73455
6.73455
6.73455
6.73455
6.73455
6.73455
6.73455
6.73455
6.73455
6.73455
6.73455
6.73455
6.73455
6.73455
6.73455
6.73455
6.73455
6.73455
6.73455
6.73455
6.73455
6.73455
6.73455
6.73455
6.73455
6.73455
6.73455
6.73455
6.73455
6.73455
6.73455
6.73455
6.73455
6.73455
6.73455
6.73455
6.73455
6.73455
6.73455
6.73455
6.73455
6.73455
6.73455
6.73455
6.73455
6.73455
6.73455
6.73455
6.73455
6.73455
6.73455
6.73455
6.73455
6.73455
6.73455
6.73455
6.73455
6.73455
6.73455
6.73455
6.73455
6.73455
6.73455
6.73455
6.73455
6.73455
6.73455
6.73455
6.73455
6.73455
6.73455
6.73455
6.73455
6.73455
6.73455
6.73455
6.73455
6.73455
6.73455
6.73455
6.73455
6.73455
6.73455
6.73455
6.73455
6.73455
6.73455
6.73455
6.73455
6.73455
6.73455
6.73455
6.73455
6.73455
6.73455
6.73455
6.73455
6.73455
6.73455
6.73455
6.73455
6.73455
6.73455
6.73455
6.73455
6.73455
6.73455
6.73455
6.73455
6.73455
6.73455
6.73455
6.73455
6.73455
6.73455
6.73455
6.73455
6.73455
6.73455
6.73455
6.73455
6.73455
6.73455
6.73455
6.73455
6.73455
6.73455
6.73455
6.73455
6.73455
6.73455
6.73455
6.73455
6.73455
6.73455
6.73455
6.73455
6.73455
6.73455
6.73455
6.73455
6.73455
6.73455
6.73455
6.73455
6.73455
6.73455
6.73455
6.73455
6.73455
6.73455
6.73455
6.73455
6.73455
6.73455
6.73455
6.73455
6.73455
6.73455
6.73455
6.73455
6.73455
6.73455
6.73455
6.73455
6.73455
6.73455
6.73455
6.73455
6.73455
6.73455
6.73455
6.73455
6.73455
6.73455
6.73455
6.73455
6.73455
6.73455
6.73455
6.73455
6.73455
6.73455
6.73455
6.73455
6.73455
6.73455
6.73455
6.73455
6.73455
6.73455
6.73455
6.73455
6.73455
6.73455
6.73455
6.73455
6.73455
6.73455
6.73455
6.73455
6.73455
6.73455
6.73455
6.73455
6.73455
6.73455
6.73455
6.73455
6.73455
6.73455
6.44528
6.44528
6.44528
6.44528
6.44528
6.44528
6.44528
6.44528
6.44528
6.44528
6.44528
6.44528
6.44528
6.44528
6.44528
6.44528
6.44528
6.44528
6.44528
6.44528
6.44528
6.44528
6.44528
6.44528
6.44528
6.44528
6.44528
6.44528
6.44528
6.44528
6.44528
6.44528
6.44528
6.44528
6.44528
6.44528
6.44528
6.44528
6.44528
6.44528
6.44528
6.44528
6.44528
6.44528
6.44528
6.44528
6.44528
6.44528
6.44528
6.44528
6.44528
6.44528
6.44528
6.44528
6.44528
6.44528
6.44528
6.44528
6.44528
6.44528
6.44528
6.44528
6.44528
6.44528
6.44528
6.44528
6.44528
6.44528
6.44528
6.44528
6.44528
6.44528
6.44528
6.44528
6.44528
6.44528
6.44528
6.44528
6.44528
6.44528
6.44528
6.44528
6.44528
6.44528
6.44528
6.44528
6.44528
6.44528
6.44528
6.44528
6.44528
6.44528
6.44528
6.44528
6.44528
6.44528
6.44528
6.44528
6.44528
6.44528
6.44528
6.44528
6.44528
6.44528
6.44528
6.44528
6.44528
6.44528
6.44528
6.44528
6.44528
6.44528
6.44528
6.44528
6.44528
6.44528
6.44528
6.44528
6.44528
6.44528
6.44528
6.44528
6.44528
6.44528
6.44528
6.44528
6.44528
6.44528
6.44528
6.44528
6.44528
6.44528
6.44528
6.44528
6.44528
6.44528
6.44528
6.44528
6.44528
6.44528
6.44528
6.44528
6.44528
6.44528
6.44528
6.44528
6.44528
6.44528
6.44528
6.44528
6.44528
6.44528
6.44528
6.44528
6.44528
6.44528
6.44528
6.44528
6.44528
6.44528
6.44528
6.44528
6.44528
6.44528
6.44528
6.44528
6.44528
6.44528
6.44528
6.44528
6.44528
6.44528
6.44528
6.44528
6.44528
6.44528
6.44528
6.44528
6.44528
6.44528
6.44528
6.44528
6.44528
6.44528
6.44528
6.44528
6.44528
6.44528
6.44528
6.44528
6.44528
6.44528
6.44528
6.44528
6.44528
6.44528
6.44528
6.44528
6.44528
6.44528
6.44528
6.44528
6.44528
6.44528
6.44528
6.44528
6.44528
6.44528
6.44528
6.44528
6.44528
6.44528
6.13278
6.13278
6.13934
6.13934
6.13934
6.13934
6.13934
6.13934
6.13934
6.13934
6.13934
6.13934
6.13934
6.13934
6.13934
6.13934
6.13934
6.13934
6.13934
6.13934
6.13934
6.13934
6.13934
6.13934
6.13934
6.13934
6.13934
6.13934
6.13934
6.13934
6.13934
6.13934
6.13934
6.13934
6.13934
6.13934
6.13934
6.13934
6.13934
6.13934
6.13934
6.13934
6.13934
6.13934
6.13934
6.13934
6.13934
6.13934
6.13934
6.13934
6.13934
6.13934
6.13934
6.13934
6.13934
6.13934
6.13934
6.13934
6.13934
6.13934
6.13934
6.13934
6.13934
6.13934
6.13934
6.13934
6.13934
6.13934
6.13934
6.13934
6.13934
6.13934
6.13934
6.13934
6.13934
6.13934
6.13934
6.13934
6.13934
6.13934
6.13934
6.13934
6.13934
6.13934
6.13934
6.13934
6.13934
6.13934
6.13934
6.13934
6.13934
6.13934
6.13934
6.13934
6.13934
6.13934
6.13934
6.13934
6.13934
6.13934
6.13934
6.13934
6.13934
6.13934
6.13934
6.13934
6.13934
6.13934
6.13934
6.13934
6.13934
6.13934
6.13934
6.13934
6.13934
6.13934
6.13934
6.13934
6.13934
6.13934
6.13934
6.13934
6.13934
6.13934
6.13934
6.13934
6.13934
6.13934
6.13934
6.13934
6.13934
6.13934
6.13934
6.13934
6.13934
6.13934
6.13934
6.13934
6.13934
6.13934
6.13934
6.13934
6.13934
6.13934
6.13934
6.13934
6.13934
6.13934
6.13934
6.13934
6.13934
6.13934
6.13934
6.13934
6.13934
6.13934
6.13934
6.13934
6.13934
6.13934
6.13934
6.13934
6.13934
6.13934
6.13934
6.13934
6.13934
6.13934
6.13934
6.13934
6.13934
6.13934
6.13934
6.13934
6.13934
6.13934
6.13934
6.13934
6.13934
6.13934
6.13934
6.13934
6.13934
6.13934
6.13934
6.13934
6.13934
6.13934
6.13934
6.13934
6.13934
6.13934
6.13934
6.13934
6.13934
6.13934
6.13934
6.13934
6.13934
6.13934
6.13934
6.13934
6.13934
6.13934
6.13934
6.13934
6.13934
6.13934
6.13934
6.13934
6.13934
6.13934
6.13934
6.13934
6.13934
6.13934
6.13934
6.13934
6.13934
6.13934
6.13934
6.13934
6.13934
6.13934
6.13934
6.13934
6.13934
6.13934
6.13934
6.13934
6.13934
6.13934
6.13934
6.13934
6.13934
6.13934
6.11726
6.11726
6.11726
6.11726
6.11726
6.11726
6.11726
6.11726
6.11726
6.11726
6.11726
6.11726
6.11726
6.11726
6.11726
6.11726
6.11726
6.11726
6.11726
6.11726
6.11726
6.11726
6.11726
6.11726
6.11726
6.11726
6.11726
6.11726
6.11726
6.11726
6.11726
6.11726
6.11726
6.11726
6.11726
6.11726
6.11726
6.11726
6.11726
6.11726
6.11726
6.11726
6.11726
6.11726
6.11726
6.11726
6.11726
6.11726
6.11726
6.11726
6.11726
6.11726
6.11726
6.11726
6.11726
6.11726
6.11726
6.11726
6.11726
6.11726
6.11726
6.11726
6.11726
6.11726
6.11726
6.11726
5.98788
5.98788
5.98788
5.98788
5.98788
5.98788
5.98788
5.98788
5.98788
5.98788
5.98788
5.98788
5.98788
5.98788
5.98788
5.98788
5.98788
5.98788
5.98788
5.98788
5.98788
5.98788
5.98788
5.98788
5.98788
5.98788
5.98788
5.98788
5.98788
5.98788
5.98788
5.98788
5.98788
5.98788
5.98788
5.98788
5.98788
5.98788
5.98788
5.98788
5.98788
5.98788
5.98788
5.98788
5.98788
5.98788
5.98788
5.98788
5.98788
5.98788
5.98788
5.98788
5.98788
5.98788
5.98788
5.98788
5.98788
5.98788
5.98788
5.98788
5.98788
5.98788
5.98788
5.98788
5.98788
5.98788
5.98788
5.98788
5.98788
5.98788
5.98788
5.98788
5.98788
5.98788
5.98788
5.98788
5.98788
5.98788
5.98788
5.98788
5.98788
5.98788
5.98788
5.98788
5.98788
5.98788
5.98788
5.98788
5.98788
5.98788
5.98788
5.98788
5.98788
5.98788
5.98788
5.98788
5.98788
5.98788
5.98788
5.98788
5.98788
5.98788
5.98788
5.98788
5.98788
5.98788
5.98788
5.98788
5.98788
5.98788
5.98788
5.98788
5.98788
5.98788
5.98788
5.98788
5.98788
5.98788
5.98788
5.98788
5.98684
5.98684
5.98684
5.98684
5.98684
5.98684
5.98684
5.98684
5.98684
5.98684
5.98684
5.98684
5.98684
5.98684
5.98684
5.98684
5.98684
5.98684
5.98684
5.98684
5.98684
5.98684
5.98684
5.98684
5.98684
5.98684
5.98684
5.98684
5.98684
5.98684
5.98684
5.98684
5.98684
5.98684
5.98684
5.98684
5.98684
5.98684
5.98684
5.98684
5.98684
5.98684
5.98684
5.98684
5.98684
5.98684
5.98684
5.98684
5.98684
5.98684
5.98684
5.98684
5.98684
5.98684
5.98684
5.98684
5.98684
5.98684
5.98684
5.98684
5.98684
5.98684
5.98684
5.98684
5.98684
5.98684
5.98684
5.98684
5.98684
5.98684
5.98684
5.98684
5.98684
5.98684
5.98684
5.98684
5.98684
5.98684
5.98684
5.98684
5.98684
5.98684
5.98684
5.98684
5.98684
5.98684
5.98684
5.98684
5.98684
5.98684
5.98684
5.98684
5.98684
5.98684
5.98684
5.98684
5.98684
5.98684
5.98684
5.98684
5.98684
5.98684
5.98684
5.98684
5.98684
5.98684
5.98684
5.98684
5.98684
5.98684
5.98684
5.98684
5.98684
5.98684
5.98684
5.98684
5.98684
5.98684
5.98684
5.98684
5.98684
5.98684
5.98684
5.98684
5.98684
5.98684
5.98684
5.98684
5.98684
5.98684
5.98684
5.98684
5.98684
5.98684
5.98684
5.98684
5.98684
5.98684
5.98684
5.98684
5.98684
5.98684
5.98684
5.98684
5.98684
5.98684
5.98684
5.98684
5.98684
5.98684
5.98684
5.98684
5.98684
5.98684
5.98684
5.98684
5.98684
5.98684
5.98684
5.98684
5.98684
5.98684
5.98684
5.98684
5.98684
5.98684
5.98684
5.98684
5.98684
5.98684
5.98684
5.98684
5.98684
5.98684
5.98684
5.98684
5.98684
5.98684
5.98684
5.98684
5.98684
5.98684
5.98684
5.98684
5.98684
5.98684
5.98684
5.98684
5.98684
5.98684
5.98684
5.98684
5.98684
5.98684
5.98684
5.98684
5.98684
5.98684
5.98684
5.98684
5.98684
5.98684
5.98684
5.98684
5.98684
5.98684
5.98684
5.98684
5.98684
5.98684
5.98684
5.98684
5.98684
5.98684
5.98684
5.98684
5.98684
5.98684
5.98684
5.98684
5.98684
5.98684
5.98684
5.98684
5.98684
5.98684
5.98684
5.98684
5.98684
5.98684
5.98684
5.98684
5.98684
5.98684
5.98684
5.98684
5.98684
5.98684
5.91757
5.91757
5.91757
5.91757
5.91757
5.91757
5.91757
5.91757
5.91757
5.91757
5.91757
5.91757
5.91757
5.91757
5.91757
5.91757
5.91757
5.91757
5.91757
5.91757
5.91757
5.91757
5.91757
5.91757
5.91757
5.91757
5.91757
5.91757
5.91757
5.91757
5.91757
5.91757
5.91757
5.91757
5.91757
5.91757
5.49914
5.49914
5.49914
5.49914
5.49914
5.49914
5.49914
5.49914
5.49914
5.49914
5.49914
5.49914
5.49914
5.49914
5.49914
5.49914
5.49914
5.49914
5.49914
5.49914
5.49914
5.49914
5.49914
5.49914
5.49914
5.49914
5.49914
5.49914
5.49914
5.49914
5.49914
5.49914
5.49914
5.49914
5.49914
5.49914
5.49914
5.49914
5.49914
5.49914
5.49914
5.49914
5.49914
5.49914
5.49914
5.49914
5.49914
5.49914
5.49914
5.49914
5.49914
5.49914
5.49914
5.49914
5.49914
5.49914
5.49914
5.49914
5.49914
5.49914
5.49914
5.49914
5.49914
5.49914
5.49914
5.49914
5.49914
5.49914
5.49914
5.49914
5.49914
5.49914
5.49914
5.49914
5.49914
5.49914
5.49914
5.49914
5.49914
5.49914
5.49914
5.49914
5.49914
5.49914
5.49914
5.49914
5.49914
5.49914
5.49914
5.49914
5.49914
5.49914
5.49914
5.49914
5.49914
5.49914
5.49914
5.49914
5.49914
5.49914
5.49914
5.49914
5.49914
5.49914
5.49914
5.49914
5.49914
5.49914
5.49914
5.49914
5.49914
5.49914
5.49914
5.49914
5.49914
5.49914
5.49914
5.49914
5.49914
5.49914
5.49914
5.49914
5.49914
5.49914
5.49914
5.49914
5.49914
5.49914
5.49914
5.49914
5.49914
5.49914
5.49914
5.49914
5.49914
5.49914
5.49914
5.49914
5.49914
5.49914
5.49914
5.49914
5.49914
5.49914
5.49914
5.49914
5.49914
5.49914
5.49914
5.49914
5.37967
5.37967
5.37967
5.37967
5.37967
5.37967
5.37967
5.37967
5.37967
5.37967
5.37967
5.37967
5.37967
5.37967
5.37967
5.37967
5.37967
5.37967
5.37967
5.37967
5.37967
5.37967
5.37967
5.37967
5.37967
5.37967
5.37967
5.37967
5.37967
5.37967
5.37967
5.37967
5.37967
5.37967
5.37967
5.37967
5.37967
5.37967
5.37967
5.37967
5.37967
5.37967
5.37967
5.37967
5.37967
5.37967
5.37967
5.37967
5.37967
5.37967
5.37967
5.37967
5.37967
5.37967
5.37967
5.37967
5.37967
5.37967
5.37967
5.37967
5.37967
5.37967
5.37967
5.37967
5.37967
5.37967
5.37967
5.37967
5.37967
5.37967
5.37967
5.37967
5.37967
5.37967
5.37967
5.37967
5.37967
5.37967
5.37967
5.37967
5.37967
5.37967
5.37967
5.37967
5.37967
5.37967
5.37967
5.37967
5.37967
5.37967
5.37967
5.37967
5.37967
5.37967
5.37967
5.37967
5.37967
5.37967
5.37967
5.37967
5.37967
5.37967
5.37967
5.37967
5.37967
5.37967
5.37967
5.37967
5.37967
5.37967
5.37967
5.37967
5.37967
5.37967
5.37967
5.37967
5.37967
5.34581
5.34581
5.34581
5.34581
5.34581
5.34581
5.34581
5.34581
5.34581
5.34581
5.34581
5.34581
5.34581
5.34581
5.34581
5.34581
5.34581
5.34581
5.34581
5.34581
5.34581
5.34581
5.34581
5.34581
5.34581
5.34581
5.34581
5.34581
5.34581
5.34581
5.34581
5.34581
5.34581
5.34581
5.34581
5.34581
5.34581
5.34581
5.34581
5.34581
5.34581
5.34581
5.34581
5.34581
5.34581
5.34581
5.34581
5.34581
5.34581
5.34581
5.34581
5.34581
5.34581
5.34581
5.34581
5.34581
5.34581
5.34581
5.34581
5.34581
5.34581
5.34581
5.34581
5.34581
5.34581
5.34581
5.25567
5.25567
5.25567
5.25567
5.25567
5.25567
5.25567
5.25567
5.25567
5.25567
5.25567
5.25567
5.25567
5.25567
5.25567
5.25567
5.25567
5.25567
5.25567
5.25567
5.25567
5.25567
5.25567
5.25567
5.25567
5.25567
5.25567
5.25567
5.25567
5.25567
5.25567
5.25567
5.25567
5.25567
5.25567
5.25567
5.25567
5.25567
5.25567
5.25567
5.25567
5.25567
5.25567
5.25567
5.25567
5.25567
5.25567
5.25567
5.25084
5.25084
5.25084
5.25084
5.25084
5.25084
5.25084
5.25084
5.25084
5.25084
5.25084
5.25084
5.25084
5.25084
5.25084
5.25084
5.25084
5.25084
5.25084
5.25084
5.25084
5.25084
5.25084
5.25084
5.25084
5.25084
5.25084
5.25084
5.25084
5.25084
5.25084
5.25084
5.25084
5.25084
5.25084
5.25084
5.25084
5.25084
5.25084
5.25084
5.25084
5.25084
5.25084
5.25084
5.25084
5.25084
5.25084
5.25084
5.25084
5.25084
5.25084
5.25084
5.25084
5.25084
5.25084
5.25084
5.25084
5.25084
5.25084
5.25084
5.25084
5.25084
5.25084
5.25084
5.25084
5.25084
5.25084
5.25084
5.25084
5.25084
5.25084
5.25084
5.25084
5.25084
5.25084
5.25084
5.25084
5.25084
5.25084
5.25084
5.25084
5.25084
5.25084
5.25084
5.25084
5.25084
5.25084
5.25084
5.25084
5.25084
5.25084
5.25084
5.25084
5.25084
5.25084
5.25084
5.25084
5.25084
5.25084
5.25084
5.25084
5.25084
5.25084
5.25084
5.25084
5.25084
5.25084
5.25084
5.25084
5.25084
5.25084
5.25084
5.25084
5.25084
5.25084
5.25084
5.25084
5.25084
5.25084
5.25084
5.25084
5.25084
5.25084
5.25084
5.25084
5.25084
5.25084
5.25084
5.25084
5.25084
5.25084
5.25084
5.25084
5.25084
5.25084
5.25084
5.25084
5.25084
5.25084
5.25084
5.25084
5.25084
5.25084
5.25084
5.25084
5.25084
5.25084
5.25084
5.25084
5.25084
5.25084
5.25084
5.25084
5.25084
5.25084
5.25084
5.25084
5.25084
5.25084
5.25084
5.25084
5.25084
5.25084
5.25084
5.25084
5.25084
5.25084
5.25084
5.25084
5.25084
5.25084
5.25084
5.25084
5.25084
5.25084
5.25084
5.25084
5.25084
5.25084
5.25084
5.25084
5.25084
5.25084
5.25084
5.25084
5.25084
5.25084
5.25084
5.25084
5.25084
5.25084
5.25084
5.25084
5.25084
5.25084
5.25084
5.25084
5.25084
5.25084
5.25084
5.25084
5.25084
5.25084
5.25084
5.25084
5.25084
5.25084
5.25084
5.25084
5.25084
5.25084
5.25084
5.25084
5.25084
5.25084
5.25084
5.25084
5.25084
5.25084
5.25084
5.25084
5.25084
5.25084
5.25084
5.25084
5.25084
5.25084
5.25084
5.25084
5.25084
5.25084
5.25084
5.25084
5.25084
5.25084
5.25084
5.25084
5.25084
5.25084
5.25084
5.25084
5.25084
5.25084
5.25084
5.25084
5.25084
5.25084
5.25084
5.25084
5.25084
5.25084
5.25084
5.25084
5.25084
5.25084
5.25084
5.25084
5.25084
5.25084
5.25084
5.25084
5.25084
5.25084
5.25084
5.25084
5.25084
5.25084
5.25084
5.25084
4.88483
4.88483
4.88483
4.88483
4.88483
4.88483
4.88483
4.88483
4.88483
4.88483
4.88483
4.88483
4.88483
4.88483
4.88483
4.88483
4.88483
4.88483
4.88483
4.88483
4.88483
4.88483
4.88483
4.88483
4.88483
4.88483
4.88483
4.88483
4.88483
4.88483
4.88483
4.88483
4.88483
4.88483
4.88483
4.88483
4.88483
4.88483
4.88483
4.88483
4.88483
4.88483
4.88483
4.88483
4.88483
4.88483
4.88483
4.88483
4.88483
4.88483
4.88483
4.88483
4.88483
4.88483
4.88483
4.88483
4.88483
4.88483
4.88483
4.88483
4.88483
4.88483
4.88483
4.88483
4.88483
4.88483
4.88483
4.88483
4.88483
4.88483
4.88483
4.88483
4.88483
4.88483
4.88483
4.88483
4.88483
4.88483
4.88483
4.88483
4.88483
4.88483
4.88483
4.88483
4.88483
4.88483
4.88483
4.88483
4.88483
4.88483
4.88483
4.88483
4.88483
4.88483
4.88483
4.88483
4.88483
4.88483
4.88483
4.88483
4.88483
4.88483
4.88483
4.88483
4.88483
4.88483
4.88483
4.88483
4.88483
4.88483
4.88483
4.88483
4.88483
4.88483
4.88483
4.88483
4.88483
4.88483
4.88483
4.88483
4.88483
4.88483
4.88483
4.88483
4.88483
4.88483
4.88483
4.88483
4.88483
4.88483
4.88483
4.88483
4.88483
4.88483
4.88483
4.88483
4.88483
4.88483
4.88483
4.88483
4.88483
4.88483
4.88483
4.88483
4.88483
4.88483
4.88483
4.88483
4.88483
4.88483
4.88483
4.88483
4.88483
4.88483
4.88483
4.88483
4.88483
4.88483
4.88483
4.88483
4.88483
4.88483
4.88483
4.88483
4.88483
4.88483
4.88483
4.88483
4.88483
4.88483
4.88483
4.88483
4.88483
4.88483
4.88483
4.88483
4.88483
4.88483
4.88483
4.88483
4.88483
4.88483
4.88483
4.88483
4.88483
4.88483
4.88483
4.88483
4.88483
4.88483
4.88483
4.88483
4.88483
4.88483
4.88483
4.88483
4.88483
4.88483
4.88483
4.88483
4.88483
4.88483
4.88483
4.88483
4.88483
4.88483
4.88483
4.88483
4.88483
4.88483
4.88483
4.88483
4.88483
4.88483
4.88483
4.88483
4.88483
4.88483
4.88483
4.88483
4.88483
4.88483
4.88483
4.88483
4.88483
4.88483
4.88483
4.88483
4.88483
4.88483
4.88483
4.88483
4.88483
4.88483
4.88483
4.88483
4.88483
4.88483
4.88483
4.88483
4.88483
4.88483
4.88483
4.88483
4.88483
4.88483
4.88483
4.88483
4.88483
4.88483
4.88483
4.88483
4.88483
4.88483
4.88483
4.88483
4.88483
4.88483
4.88483
4.88483
4.88483
4.88483
4.88483
4.88483
4.88483
4.88483
4.88483
4.88483
4.88483
4.88483
4.88483
4.88483
4.88483
4.88483
4.88483
4.88483
4.88483
4.88483
4.88483
4.88483
4.88483
4.88483
4.88483
4.88483
4.88483
4.88483
4.88483
4.88483
4.88483
4.88483
4.88483
4.88483
4.88483
4.88483
4.88483
4.88483
4.88483
4.88483
4.88483
4.88483
4.88483
4.88483
4.88483
4.88483
4.88483
4.88483
4.88483
4.88483
4.88483
4.88483
4.88483
4.88483
4.88483
4.88483
4.88483
4.88483
4.88483
4.88483
4.88483
4.88483
4.88483
4.88483
4.88483
4.88483
4.88483
4.88483
4.88483
4.88483
4.88483
4.88483
4.88483
4.88483
4.88483
4.88483
4.88483
4.88483
4.88483
4.88483
4.88483
4.88483
4.88483
4.88483
4.88483
4.88483
4.88483
4.88483
4.88483
4.88483
4.88483
4.88483
4.88483
4.88483
4.88483
4.88483
4.88483
4.88483
4.88483
4.88483
4.88483
4.88483
4.88483
4.88483
4.88483
4.88483
4.88483
4.88483
4.88483
4.88483
4.88483
4.88483
4.88483
4.88483
4.88483
4.88483
4.88483
4.88483
4.88483
4.88483
4.88483
4.88483
4.88483
4.88483
4.88483
4.88483
4.88483
4.88483
4.88483
4.88483
4.88483
4.88483
4.88483
4.88483
4.88483
4.88483
4.88483
4.88483
4.88483
4.88483
4.88483
4.88483
4.88483
4.88483
4.88483
4.88483
4.88483
4.88483
4.88483
4.88483
4.88483
4.88483
4.88483
4.88483
4.88483
4.88483
4.88483
4.88483
4.88483
4.88483
4.88483
4.88483
4.88483
4.88483
4.88483
4.88483
4.88483
4.88483
4.88483
4.88483
4.88483
4.88483
4.88483
4.88483
4.88483
4.88483
4.88483
4.88483
4.88483
4.88483
4.88483
4.88483
4.88483
4.88483
4.88483
4.88483
4.88483
4.88483
4.88483
4.88483
4.88483
4.88483
4.88483
4.88483
4.88483
4.88483
4.88483
4.88483
4.88483
4.88483
4.88483
4.88483
4.88483
4.88483
4.88483
4.88483
4.88483
4.88483
4.88483
4.88483
4.88483
4.88483
4.88483
4.88483
4.88483
4.88483
4.88483
4.88483
4.88483
4.88483
4.88483
4.88483
4.88483
4.88483
4.88483
4.88483
4.88483
4.88483
4.88483
4.88483
4.88483
4.88483
4.88483
4.88483
4.88483
4.88483
4.88483
4.88483
4.88483
4.88483
4.88483
4.88483
4.88483
4.88483
4.88483
4.88483
4.88483
4.88483
4.88483
4.88483
4.88483
4.88483
4.88483
4.88483
4.88483
4.88483
4.88483
4.88483
4.88483
4.88483
4.88483
4.88483
4.88483
4.88483
4.88483
4.88483
4.88483
4.88483
4.88483
4.88483
4.88483
4.88483
4.88483
4.88483
4.88483
4.88483
4.88483
4.88483
4.88483
4.88483
4.88483
4.88483
4.88483
4.88483
4.88483
4.88483
4.88483
4.88483
4.88483
4.88483
4.88483
4.88483
4.88483
4.88483
4.88483
4.88483
4.88483
4.88483
4.88483
4.88483
4.88483
4.88483
4.88483
4.88483
4.88483
4.88483
4.88483
4.88483
4.88483
4.88483
4.88483
4.88483
4.88483
4.88483
4.88483
4.88483
4.88483
4.88483
4.88483
4.88483
4.88483
4.88483
4.88483
4.88483
4.88483
4.88483
4.88483
4.88483
4.88483
4.88483
4.88483
4.88483
4.88483
4.88483
4.88483
4.88483
4.88483
4.88483
4.88483
4.88483
4.88483
4.88483
4.88483
4.88483
4.88483
4.88483
4.88483
4.88483
4.88483
4.88483
4.88483
4.88483
4.88483
4.88483
4.88483
4.88483
4.88483
4.88483
4.88483
4.88483
4.88483
4.88483
4.88483
4.88483
4.88483
4.88483
4.88483
4.88483
4.88483
4.88483
4.88483
4.88483
4.88483
4.88483
4.88483
4.88483
4.88483
4.88483
4.88483
4.88483
4.88483
4.88483
4.88483
4.88483
4.88483
4.88483
4.88483
4.88483
4.88483
4.88483
4.88483
4.88483
4.88483
4.88483
4.88483
4.88483
4.88483
4.88483
4.88483
4.88483
4.88483
4.88483
4.88483
4.88483
4.88483
4.88483
4.88483
4.88483
4.88483
4.88483
4.88483
4.88483
4.88483
4.88483
4.88483
4.88483
4.88483
4.88483
4.88483
4.88483
4.88483
4.88483
4.88483
4.88483
4.88483
4.88483
4.88483
4.88483
4.88483
4.88483
4.88483
4.88483
4.88483
4.88483
4.88483
4.88483
4.88483
4.88483
4.88483
4.88483
4.88483
4.88483
4.88483
4.88483
4.88483
4.88483
4.88483
4.88483
4.88483
4.88483
4.88483
4.88483
4.88483
4.88483
4.88483
4.88483
4.88483
4.88483
4.88483
4.88483
4.88483
4.88483
4.88483
4.88483
4.88483
4.88483
4.88483
4.88483
4.88483
4.88483
4.88483
4.88483
4.88483
4.88483
4.88483
4.88483
4.88483
4.88483
4.88483
4.88483
4.88483
4.88483
4.88483
4.88483
4.88483
4.88483
4.88483
4.88483
4.88483
4.88483
4.88483
4.88483
4.88483
4.88483
4.88483
4.88483
4.88483
4.88483
4.88483
4.88483
4.88483
4.88483
4.88483
4.88483
4.88483
4.88483
4.88483
4.88483
4.88483
4.88483
4.88483
4.88483
4.88483
4.88483
4.88483
4.88483
4.88483
4.88483
4.88483
4.88483
4.88483
4.88483
4.88483
4.88483
4.88483
4.88483
4.88483
4.88483
4.88483
4.88483
4.88483
4.88483
4.88483
4.88483
4.88483
4.88483
4.88483
4.88483
4.88483
4.88483
4.88483
4.88483
4.88483
4.88483
4.88483
4.88483
4.88483
4.88483
4.88483
4.88483
4.88483
4.88483
4.88483
4.88483
4.88483
4.88483
4.88483
4.88483
4.88483
4.88483
4.88483
4.88483
4.88483
4.88483
4.88483
4.88483
4.88483
4.88483
4.88483
4.88483
4.88483
4.88483
4.88483
4.88483
4.88483
4.88483
4.88483
4.88483
4.88483
4.88483
4.88483
4.88483
4.88483
4.88483
4.88483
4.88483
4.88483
4.88483
4.88483
4.88483
4.88483
4.88483
4.88483
4.88483
4.88483
4.88483
4.88483
4.88483
4.88483
4.88483
4.88483
4.88483
4.88483
4.88483
4.88483
4.88483
4.88483
4.88483
4.88483
4.88483
4.88483
4.88483
4.88483
4.88483
4.88483
4.88483
4.88483
4.88483
4.88483
4.88483
4.88483
4.88483
4.88483
4.88483
4.88483
4.88483
4.88483
4.88483
4.88483
4.88483
4.88483
4.88483
4.88483
4.88483
4.88483
4.88483
4.88483
4.88483
4.88483
4.88483
4.88483
4.88483
4.88483
4.88483
4.88483
4.88483
4.88483
4.88483
4.88483
4.88483
4.88483
4.88483
4.88483
4.88483
4.88483
4.88483
4.88483
4.88483
4.88483
4.88483
4.88483
4.88483
4.88483
4.88483
4.88483
4.88483
4.88483
4.88483
4.88483
4.88483
4.88483
4.88483
4.88483
4.88483
4.88483
4.88483
4.88483
4.88483
4.88483
4.88483
4.88483
4.88483
4.88483
4.88483
4.88483
4.88483
4.88483
4.88483
4.88483
4.88483
4.88483
4.88483
4.88483
4.88483
4.88483
4.88483
4.88483
4.88483
4.88483
4.88483
4.88483
4.88483
4.88483
4.88483
4.88483
4.88483
4.88483
4.88483
4.88483
4.88483
4.88483
4.88483
4.88483
4.88483
4.88483
4.88483
4.88483
4.88483
4.88483
4.88483
4.88483
4.88483
4.88483
4.88483
4.88483
4.88483
4.88483
4.88483
4.88483
4.88483
4.88483
4.88483
4.88483
4.88483
4.88483
4.88483
4.88483
4.88483
4.88483
4.88483
4.88483
4.88483
4.88483
4.88483
4.88483
4.88483
4.88483
4.88483
4.88483
4.88483
4.88483
4.88483
4.88483
4.88483
4.88483
4.88483
4.88483
4.88483
4.88483
4.88483
4.88483
4.88483
4.88483
4.88483
4.88483
4.88483
4.88483
4.88483
4.88483
4.88483
4.88483
4.88483
4.88483
4.88483
4.88483
4.88483
4.88483
4.88483
4.88483
4.88483
4.88483
4.88483
4.88483
4.88483
4.88483
4.88483
4.88483
4.88483
4.88483
4.88483
4.88483
4.88483
4.88483
4.88483
4.88483
4.88483
4.88483
4.88483
4.88483
4.88483
4.88483
4.88483
4.88483
4.88483
4.88483
4.88483
4.88483
4.88483
4.88483
4.88483
4.88483
4.88483
4.88483
4.88483
4.88483
4.88483
4.88483
4.88483
4.88483
4.88483
4.88483
4.88483
4.88483
4.88483
4.88483
4.88483
4.88483
4.88483
4.88483
4.88483
4.88483
4.88483
4.88483
4.88483
4.88483
4.88483
4.88483
4.88483
4.88483
4.88483
4.88483
4.88483
4.88483
4.88483
4.88483
4.88483
4.88483
4.88483
4.88483
4.88483
4.88483
4.88483
