-0.328592 inf
-0.296231 0.0323612
-0.32899 0.0377127
-0.361917 0.0423711
-0.383479 0.0392696
-0.393884 0.0337093
-0.409158 0.0323259
-0.411825 0.0281218
-0.409834 0.0248809
-0.406415 0.0225152
-0.408411 0.0204633
-0.417143 0.0206207
-0.416087 0.0189977
-0.416648 0.0175974
-0.416347 0.016385
-0.417003 0.0153408
-0.417006 0.0144102
-0.420991 0.0141583
-0.421268 0.0133953
-0.422725 0.0127911
-0.422527 0.0121684
-0.424541 0.0117756
-0.424131 0.0112595
-0.419012 0.0119337
-0.421624 0.0117407
-0.4218 0.0112815
-0.42425 0.0111287
-0.425372 0.0107824
-0.426572 0.0104729
-0.42538 0.0101877
-0.429457 0.0106636
-0.429316 0.0103259
-0.432081 0.0103829
-0.436194 0.0108804
-0.437405 0.0106341
-0.439786 0.0106052
-0.43877 0.0103645
-0.435633 0.0105646
-0.435231 0.010298
-0.436713 0.010146
-0.438355 0.0100308
-0.43796 0.00979705
-0.438314 0.00957301
-0.440126 0.00952696
-0.440349 0.0093155
-0.440914 0.00912826
-0.440236 0.00895759
-0.439457 0.00880352
-0.439253 0.00862441
-0.440436 0.00853256
-0.441753 0.00846662
-0.441721 0.00830226
-0.440336 0.00826105
-0.441627 0.00820888
-0.440175 0.00818809
-0.439953 0.00804361
-0.439858 0.0079018
-0.44134 0.00790458
-0.44188 0.00778815
-0.441456 0.00766897
-0.441783 0.0075493
-0.443708 0.00767184
-0.443271 0.00756169
-0.444589 0.00755826
-0.443963 0.0074673
-0.444085 0.0073543
-0.443645 0.0072571
-0.443719 0.00714996
-0.444411 0.00707954
-0.442527 0.00722758
-0.442408 0.00712606
-0.442837 0.00703947
-0.442799 0.00694247
-0.442229 0.00687172
-0.439284 0.0073912
-0.438522 0.00733306
-0.438577 0.00723741
-0.437289 0.00725921
-0.438887 0.00734281
-0.439985 0.00733308
-0.438059 0.00749366
-0.437569 0.00741789
-0.436802 0.00736806
-0.43803 0.00738274
-0.435011 0.00789543
-0.435935 0.00785764
-0.436024 0.0077673
-0.43616 0.00767974
-0.43798 0.00780788
-0.4364 0.00788065
-0.437045 0.00782027
-0.437488 0.00774747
-0.437746 0.00766805
-0.436614 0.00767007
-0.438246 0.00776238
-0.438574 0.0076881
-0.438859 0.00761376
-0.43891 0.00753585
-0.440302 0.007588
-0.438761 0.00766813
