-0.706386
-0.706386
1.13175
-0.265132
-0.499902
-0.517572
-0.517572
-0.069391
-0.069391
-0.069391
-0.622474
-0.622474
0.514388
0.514388
1.53288
1.44742
1.04501
1.04501
0.746478
0.84037
-0.685175
-0.685175
0.427516
0.427516
1.17143
-0.129456
-0.129456
-0.129456
2.18865
-0.161308
-0.179392
-0.179392
-0.179392
1.02936
1.02936
1.5732
1.5732
-0.758849
0.823331
1.164
1.164
-0.829277
-0.608018
-0.608018
-0.608018
-0.903201
0.812234
0.812234
0.812234
0.812234
0.685792
0.792474
-0.670723
-0.670723
-0.670723
-0.670723
-0.670723
-0.252215
0.435515
1.16653
0.779885
0.779885
0.779885
0.779885
-0.448146
-0.448146
0.240647
-1.82413
-1.82413
-1.80422
-1.80422
-1.50247
-1.06899
-1.06899
0.410711
0.0196977
0.210919
0.210919
0.210919
1.4014
-0.787142
-0.787142
-0.982721
0.619089
-0.0886898
1.48416
1.48416
1.48416
-0.888037
-0.888037
0.871324
0.871324
1.10486
-1.09402
-1.27321
-0.722707
0.823045
0.823045
-0.891099
-0.891099
-0.18302
-0.18302
1.07755
0.971268
1.50596
1.50596
-0.417378
-0.417378
-1.13468
-1.24095
-1.24095
-1.24095
-0.0706593
0.516495
2.04565
2.04565
2.08966
1.82392
1.82392
0.646917
-1.22519
-1.22519
0.652946
-0.62607
-0.62607
-0.62607
-0.527316
1.2012
0.828246
1.17574
1.17574
1.17574
-0.42712
-0.42712
-0.42712
1.04208
1.12682
0.811362
-0.180708
0.669747
0.674944
0.674944
-0.623918
-0.623918
1.11155
1.75572
1.75572
1.75572
1.75572
1.61479
1.61479
1.61479
1.09045
1.09045
1.09045
-1.36124
-1.36124
0.923596
0.923596
1.04021
1.04021
1.04021
1.04021
-1.08868
-1.18781
-1.18781
0.202782
-0.358471
-1.03759
-1.03759
-1.46875
-1.49417
-1.49417
-1.49417
-0.477819
-0.477819
0.450226
0.450226
-0.877092
-0.877092
-0.877092
-0.877092
-0.877092
-1.31017
-1.31017
-1.31017
-1.2338
-0.802648
-0.802648
-0.802648
-0.802648
-0.802648
-0.802648
-0.802648
0.594537
0.594537
-0.713299
-0.605961
-0.605961
-0.605961
-0.605961
-0.307799
0.704679
1.64711
0.418087
-1.07436
-1.07436
1.10764
1.10764
1.10764
-0.959008
-1.85975
-1.85975
-1.85975
-1.85975
-0.804186
1.19964
1.19964
1.19964
1.19964
1.19964
1.57005
1.57005
0.106366
0.865437
0.865437
0.865437
0.423319
-0.59901
-0.548001
-0.54868
-0.54868
-0.54868
-0.54868
-0.54868
-1.59284
-1.59284
-1.59284
-1.00378
-1.12275
1.02699
1.02699
1.02699
1.03613
1.03613
1.03613
1.03613
1.03613
1.03613
0.647972
0.647972
-0.741431
-0.741431
-0.741431
-0.741431
-0.741431
0.861871
0.861871
-0.036815
1.49545
-0.804788
0.831972
0.831972
0.831972
0.50285
0.50285
0.50285
-1.07779
0.0696509
0.0696509
0.0696509
0.0696509
0.0696509
0.0696509
0.162432
0.162432
-0.467982
1.53764
1.06805
1.06805
1.06805
0.879268
0.317142
1.20969
0.39407
0.106766
0.820816
0.49291
-0.770187
-0.770187
0.832932
0.832932
-0.128614
-0.128614
-1.03834
-1.03834
-1.03834
-1.03834
-0.679072
-0.679072
0.0469855
-1.238
-1.04331
-1.04331
0.143241
-0.87753
-0.87753
-0.496614
0.925959
0.925959
0.925959
0.925959
-0.570354
-0.570354
0.0443143
0.0443143
-0.915519
-0.36581
0.433801
0.576113
0.787193
0.787193
0.787193
0.787193
0.787193
0.908874
0.908874
0.908874
-0.977804
-0.977804
-0.920853
-0.920853
1.40177
1.40177
1.6103
1.6103
1.6103
0.321193
-0.700311
-1.65237
-1.65237
0.758777
0.283252
0.283252
-0.358338
0.0601699
0.0601699
0.0601699
0.226519
0.226519
-0.818747
-0.701002
1.14471
-1.18249
-1.18249
-1.18249
0.803334
0.803334
-0.490771
-0.490771
-0.490771
-0.73844
-0.73844
1.16441
1.31172
0.182473
-0.0965868
1.47267
-0.385849
-1.62207
-1.62207
-1.62207
-1.62207
-1.62207
-1.62207
-1.62207
-1.62207
-1.62207
-0.243291
-0.295016
-0.767322
-0.104922
-0.227408
0.526767
-1.17944
0.461893
-0.528041
-0.528041
-0.528041
0.585554
-0.793597
-0.793597
-0.793597
-1.00933
-1.00933
-1.00933
1.06691
1.11388
1.11388
-1.35458
-0.763178
1.08168
1.08168
1.50166
-0.779949
-0.811128
-0.790111
-0.790111
-0.593134
0.087027
-1.26354
-1.26354
-1.25771
-1.25771
-1.25771
-0.496807
1.10908
-0.056734
-0.056734
1.85714
1.44461
1.44461
1.44461
1.44461
-0.799965
-0.799965
-0.799965
0.875328
0.875328
-0.130518
-0.340832
-0.340832
0.591062
0.591062
-0.657233
-0.657233
-0.657233
0.714485
-0.659991
-0.659991
-0.659991
-0.659991
-0.659991
-0.659991
-0.133788
1.72612
1.72612
1.72612
1.72612
-0.172359
1.09893
1.09893
1.2635
0.164684
0.164684
0.343217
0.343217
0.343217
0.410157
-1.06473
-1.06473
-0.691484
-0.691484
-0.691484
0.333012
0.0979081
1.00709
-0.0122086
-0.868527
-0.868527
-0.868527
0.0163572
0.0163572
0.0163572
0.0163572
-0.448089
-0.448089
-0.448089
-0.448089
-0.448089
-0.448089
-0.448089
-0.729886
-0.729886
-0.729886
-0.647724
-1.39704
-1.39704
-1.39704
-0.243719
-0.243719
-0.243719
-0.243719
1.41564
1.41564
1.41564
0.767587
0.767587
-1.18818
1.1878
0.962403
0.962403
-0.503547
-0.503547
1.12424
-0.923288
-0.923288
-1.02324
-0.147006
0.804419
0.152012
0.152012
-0.798771
-0.798771
-0.580146
0.281797
0.281797
-1.6454
-1.6454
-0.607389
-0.743171
-0.743171
-0.743171
-0.743171
-0.743171
-0.743171
-0.743171
-0.743171
0.0894955
0.0894955
-0.167634
-0.509388
1.8114
0.910764
0.910764
-0.696674
-0.696674
-0.696674
0.724502
-1.43906
-1.43906
-1.43906
-1.43906
0.595295
-1.37419
0.540636
-0.493978
-0.493978
-0.968926
-1.28159
0.740369
-0.175581
-0.175581
-0.81884
0.0151538
0.0151538
-0.929943
-0.929943
1.15864
1.15864
0.293797
1.22208
-0.527384
-0.527384
1.06512
-1.32779
0.950172
0.462034
0.391589
0.203461
0.203461
0.203461
0.385328
0.548364
0.548364
0.548364
0.396553
-0.675551
-1.03572
-1.54528
-1.54528
-1.46627
-0.509626
-0.630078
-0.630078
-0.565693
-0.565693
-0.76835
-0.975881
-0.975881
-0.975881
-0.975881
0.516642
-0.0441606
-0.0388747
0.405202
0.405202
0.645094
0.0845943
0.0845943
0.0845943
1.2246
1.2246
1.2246
1.43996
1.43996
1.43996
1.41149
1.41149
1.41149
0.106516
0.203932
1.48838
0.527344
0.527344
0.527344
0.527344
0.527344
-1.13189
-0.468114
-0.468114
-0.468114
0.328191
1.43228
1.43228
1.43228
1.10328
-0.959788
-0.959788
-0.959788
-0.959788
-0.646549
0.0704139
-1.21647
-1.21647
-0.945835
-0.945835
-0.945835
-0.945835
0.422015
-0.0783901
0.642918
0.642918
-0.818794
-0.818794
-1.02377
0.53514
1.59386
-0.411273
-1.10165
0.482177
0.482177
1.16016
1.37619
1.37619
1.07254
1.07254
1.29815
1.29815
0.253668
1.15974
1.15974
1.57376
1.57376
-0.916432
0.728715
0.728715
1.57988
-0.477733
0.688982
0.688982
0.688982
1.21208
1.21208
1.21208
-0.372928
-0.702836
-0.392287
0.348562
0.348562
-0.787134
1.15954
1.15954
1.15954
1.5909
1.5909
1.5909
1.5909
1.38761
0.72338
0.72338
1.03733
1.37364
1.37364
0.758537
0.401488
0.401488
0.838658
0.838658
-0.973826
1.29524
0.605401
0.605401
0.86528
1.25673
0.813129
-0.988053
0.535785
0.535785
0.535785
0.881665
0.881665
0.881665
-0.544883
-0.818356
-1.59842
-1.49528
-1.49528
-0.00681744
-0.00681744
0.494812
0.494812
0.494812
-0.506929
-0.506929
0.354716
0.354716
0.354716
-0.344387
-0.344387
-0.81592
0.946724
0.946724
0.946724
0.279495
0.728386
0.728386
0.058437
0.71262
-0.601756
1.11099
1.11099
1.11099
1.11099
0.231772
1.19663
1.19663
0.543983
-0.682945
-0.682945
-0.682945
-0.320696
-0.320696
-0.320696
-0.83659
0.909918
0.909918
0.909918
0.909918
-0.109946
-0.290691
-0.290691
-0.290691
-0.290691
-0.65164
-0.806965
-1.38073
-0.260551
-0.260551
0.48505
0.728596
-1.19572
0.295798
-1.34841
-1.34841
-1.20671
-1.20671
0.104528
0.362173
0.669197
0.669197
0.669197
1.20655
1.20655
-0.573944
-0.573944
-0.573944
-0.573944
-0.573944
-0.573944
-0.573944
-1.29165
-0.607088
-0.607088
-0.442464
1.29311
-0.892177
-0.892177
-0.892177
-0.892177
-0.516893
-0.516893
0.480672
1.53464
0.21794
0.21794
-0.457291
0.342983
-1.4766
0.478164
0.478164
0.478164
0.478164
0.478164
0.478164
1.60348
1.60348
-0.788224
-0.788224
-0.660704
-0.463218
-0.880098
0.837749
0.837749
0.837749
-1.15121
-1.42847
-1.42847
-1.42847
-1.60621
-0.178428
-1.22126
-1.22126
-0.167888
1.53315
1.53315
1.53315
-0.329936
0.92769
0.92769
0.92769
-1.44662
-1.44662
-1.44662
-1.44662
-0.936469
-0.489
1.27217
-0.076519
1.06895
1.06895
0.286066
1.23036
1.23036
-0.46747
0.124262
0.124262
1.33632
0.0658514
-0.731202
-0.731202
-0.517254
-1.28346
-1.28346
-1.28346
-0.948795
0.22731
0.22731
0.38256
-1.33583
-1.37185
-1.37185
0.113504
0.292219
2.20071
2.20071
0.271898
0.633046
-0.597677
-0.597677
1.20168
1.20168
1.47636
1.47636
1.47636
1.01087
0.162894
0.967663
0.764876
0.764876
0.764876
-1.55475
-1.55475
0.436117
0.436117
0.436117
-1.16217
-0.903492
-0.903492
-0.584749
0.209339
0.834922
0.834922
0.834922
0.834922
0.834922
0.406484
0.406484
0.653965
0.653965
0.653965
0.653965
-0.281982
-0.46685
-0.46685
-0.46685
-0.46685
-0.46685
-0.294148
0.2355
-0.492908
-0.358303
-0.358303
0.1856
0.1856
0.349292
-0.78069
-1.78724
-1.78724
-1.2777
-0.162135
-1.16742
-1.16742
-1.16742
-1.16742
-0.837788
-0.837788
-0.947695
-0.801418
0.340314
0.909762
0.909762
0.909762
0.909762
0.552395
0.552395
0.552395
-0.605586
-0.605586
-0.708343
0.213025
-1.63768
-1.63768
-0.847313
1.1918
-0.867779
1.00188
1.00188
1.00188
0.722138
0.722138
0.722138
0.722138
0.602924
1.19962
1.19962
1.19962
1.19962
-0.524069
-1.51704
-1.18424
1.15335
1.15335
0.560836
0.560836
-1.29543
-1.29543
-1.16356
-1.16356
-1.47536
0.945229
0.945229
0.945229
0.945229
0.730926
0.730926
0.700606
0.700606
0.700606
0.700606
0.700606
-1.02361
-0.101014
-1.78039
-1.37864
-0.502337
-0.502337
-0.502337
-1.47583
-1.04097
-0.346177
0.549709
0.549709
0.549709
0.812158
-0.271343
-0.942994
-0.942994
0.591876
0.591876
0.591876
0.591876
-1.44293
0.367803
0.782547
-0.877016
-1.20933
-1.20933
0.164772
0.164772
0.20697
-0.378421
-0.378421
1.09764
0.607581
-0.466903
-0.466903
-0.466903
-0.466903
-0.466903
0.206141
-1.46419
0.689392
0.689392
0.689392
0.689392
0.689392
-0.398372
0.296666
-1.00835
-1.00835
-1.3256
-0.581356
-0.581356
1.14799
1.14799
1.14799
1.14799
0.786828
0.973797
1.03631
0.505339
0.505339
0.505339
0.505339
0.505339
0.505339
-0.325476
-0.325476
0.273471
0.273471
-1.05349
-1.05349
-0.559073
-0.559073
-0.439911
-0.733182
0.450954
0.866886
0.866886
1.11702
1.11702
1.11702
1.48923
1.48923
1.10697
1.10697
1.10697
-0.379959
-1.24881
-1.24881
0.890647
1.35655
1.35655
0.347398
0.722352
1.26528
1.26528
0.610649
0.610649
-1.54034
-0.619416
-0.619416
-0.619416
-0.619416
-0.703752
-0.618625
0.242206
-1.28583
-1.28583
-1.28583
0.611896
0.0893574
0.0893574
0.0893574
0.0893574
-0.400018
-0.400018
0.192745
-1.56007
0.462844
0.462844
-0.979795
-0.979795
-0.979795
-0.979795
-1.20255
-1.20255
-0.53599
-0.498643
-0.0129985
-0.0129985
-0.0129985
-1.31081
-0.692549
-0.0267096
-0.0267096
-0.0267096
-0.485132
-0.485132
-0.778685
-0.778685
-0.172622
-1.05221
-1.05221
-1.05221
-1.05221
-1.05221
-1.04684
0.586338
0.586338
0.586338
0.586338
0.586338
0.586338
0.586338
0.781296
0.169884
0.169884
-1.76842
-1.76842
-0.301205
0.324918
-0.031593
-0.031593
0.0871281
0.0871281
0.0871281
0.0871281
0.0871281
0.0871281
-1.282
-1.282
-1.27918
-0.588685
-0.588685
-0.588685
-0.588685
-0.588685
0.772188
0.772188
-0.947439
-0.572187
-0.572187
-0.872518
-0.568993
-0.568993
-0.650547
-0.989929
-0.989929
0.653853
0.653853
0.881524
-1.06871
-1.06871
-0.506195
-0.0946111
-0.602561
-0.602561
0.277662
0.67018
-0.861524
0.259243
1.12514
0.271247
0.271247
1.05318
0.384415
0.384415
-0.176214
-0.176214
-0.176214
-0.176214
1.95244
0.130211
0.130211
1.01383
0.810642
0.810642
1.34068
1.34068
-0.768079
-0.768079
-0.960968
-0.423452
-0.423452
-0.423452
-0.518751
-0.215692
-0.215692
-0.215692
-0.467331
-1.53098
-1.53104
0.922426
0.922426
1.11852
1.11852
0.998544
-1.14048
-1.14048
-0.595326
1.28277
-0.841725
-0.841725
-0.0361834
-0.932964
-0.932964
-1.12383
1.08128
0.344208
-1.15167
0.032636
0.032636
0.163466
-0.14272
-0.545174
-1.07089
-1.07089
-0.494752
-0.494752
-0.494752
-0.98379
-0.98379
1.3841
1.3841
-0.893415
-0.893415
0.327944
0.327944
0.655993
0.655993
0.655993
0.655993
0.655993
-1.7042
-1.7042
-1.73238
-1.73238
-1.73238
-0.791867
0.347079
1.27213
1.74449
0.873364
0.873364
0.257391
0.805231
0.805231
0.805231
-0.41803
-0.41803
-0.41803
-0.41803
1.1093
1.1093
-0.977033
-1.44283
-0.599449
-0.599449
-0.599449
-1.29732
0.392545
0.392545
-0.683488
-0.683488
-0.683488
-0.683488
0.796353
0.796353
1.32391
1.01981
1.01981
-1.15194
-1.69481
-1.00098
-1.00098
1.13359
1.13359
0.251891
1.55261
0.927155
0.927155
0.927155
0.927155
0.490231
0.490231
0.490231
0.490231
-1.25867
-1.25867
-1.25867
-1.25867
0.537507
0.537507
0.537507
1.54217
-0.0966595
-0.0966595
-0.0966595
-0.864968
-0.864968
-0.864968
-0.836816
-0.836816
-0.836816
-0.836816
-1.29556
0.0288934
0.0657478
-1.4138
-1.4138
-0.410131
-0.561936
0.129861
0.317141
0.317141
0.317141
-0.350531
-0.222289
-0.222289
-0.559468
-1.24064
-0.894266
-0.894266
-0.894266
-0.894266
-0.796984
-0.796984
-0.796984
-0.796984
-0.796984
-0.796984
-0.796984
-0.796984
-0.796984
-1.31611
-1.31611
-1.31611
-1.31611
-0.25992
-0.449983
-0.430337
-0.430337
-0.662508
-0.116968
-0.116968
-0.770453
-0.651609
-0.300434
-0.138176
-0.174156
-0.174156
-1.51808
0.320501
0.320501
-0.279065
-2.10882
-0.487606
-0.487606
-1.10587
-0.709342
-0.709342
-0.709342
-0.709342
-0.709342
-0.709342
-0.709342
-0.478364
-0.478364
0.638753
-0.769717
-0.769717
1.05537
0.441542
1.60021
-0.577477
0.476284
0.476284
0.460792
0.460792
0.429426
0.429426
0.429426
0.429426
-0.959567
-1.04002
-1.04002
0.747214
0.778777
0.778777
0.043469
-1.48377
-1.48377
-1.48377
0.845269
-0.687491
0.00160053
-0.532041
-0.94131
-0.94131
-0.94131
-1.02581
0.459524
-0.391838
0.562287
0.562287
0.562287
0.960458
1.03652
0.824375
0.824375
-1.37339
-1.37339
-1.37339
-1.37339
-1.30992
-0.641092
1.30697
1.30697
1.30697
1.31785
1.31785
1.18593
-0.703848
0.799707
-1.09824
0.844482
0.844482
-0.53524
-1.74102
0.373472
0.262584
-0.50676
0.325877
0.325877
0.325877
0.325877
-0.836669
-0.836669
-1.26257
-0.93835
-0.93835
-0.782039
-0.782039
-0.782039
-0.782039
-0.782039
-0.782039
-0.282696
-1.25967
-0.207742
0.387724
-0.434454
0.976157
0.30275
0.30275
0.425218
-0.0336405
0.580515
0.580515
0.580515
0.580515
0.580515
0.580515
0.765625
-0.0896765
-1.63889
-1.63889
-1.63889
-1.26582
-1.26582
-1.26582
-0.354592
-0.354592
-0.354592
-0.354592
-0.374869
-0.374869
-1.32489
-1.32489
-1.32489
-0.929626
-0.929626
-0.888862
-0.086068
-0.086068
0.863007
0.863007
0.863007
0.863007
-0.208214
-1.89168
-1.89168
-1.89168
0.273299
0.619803
-0.0546929
-1.24263
-1.24263
0.380229
0.687687
1.11933
1.11933
-0.0272438
-0.0272438
0.656485
0.656485
0.656485
0.794368
-0.180896
-0.180896
-1.08981
0.816494
0.816494
-0.494467
-0.494467
0.0675231
0.0675231
0.0675231
0.0675231
0.0675231
0.0675231
1.48284
1.72567
1.72567
1.72567
1.72567
1.72567
1.72567
0.894408
0.894408
0.894408
0.943159
0.943159
0.943159
-0.0930456
-0.0930456
-0.0930456
-0.282238
1.10834
1.22182
1.22182
0.713203
0.713203
-0.913134
-0.913134
-0.913134
-0.559877
-0.559877
-1.13474
1.21276
0.360252
-1.65926
-1.21641
-1.21641
-1.52508
-1.52508
-1.36212
-1.12105
-1.12105
-0.906229
-1.79436
-1.79436
-1.79436
0.404505
-1.10587
-1.10587
0.773714
0.773714
-1.01735
-0.744689
-0.744689
-0.744689
1.08036
0.225795
0.621754
-0.947515
-0.947515
-0.947515
-0.614858
-0.614858
0.869571
0.869571
0.869571
0.869571
0.869571
-0.226999
1.56817
1.56817
1.56817
1.56817
-0.907846
-0.907846
-0.907846
-0.907846
-1.06864
0.620854
0.620854
-0.22482
-1.12154
0.811084
0.811084
0.811084
0.811084
0.811084
0.811084
0.811084
-0.292277
-0.888194
-0.888194
-0.888194
0.736793
0.736793
0.736793
0.736793
0.736793
0.736793
-0.612925
-0.932058
-0.932058
-0.932058
-0.932058
-0.932058
-0.932058
-0.932058
-0.932058
-0.932058
-0.932058
-0.932058
1.22627
1.22627
-1.21449
1.21556
1.10513
0.214398
0.214398
1.33204
1.33204
1.33204
-0.377373
0.877008
0.877008
0.877008
0.934701
0.934701
0.934701
-0.467512
-1.29286
-1.29286
-1.29286
0.611714
0.611714
0.611714
1.39451
0.300163
0.300163
0.300163
0.300163
0.300163
-0.934696
-0.934696
-0.934696
0.00527882
-1.05533
0.297893
0.297893
-0.234906
0.117807
-0.192866
-0.831482
-0.831482
-0.831482
-0.831482
-1.02234
-1.02234
0.32918
-0.385541
0.745754
0.745754
0.745754
0.745754
-0.954674
-0.954674
0.439271
1.42134
1.42134
1.15798
1.15798
1.47272
1.47272
-0.825705
-0.825705
-0.825705
-1.35246
-0.279909
1.26903
0.884568
0.884568
0.884568
0.884568
-1.31495
-1.31495
0.247795
1.64463
0.34901
0.34901
0.34901
1.12774
1.12774
1.28808
1.28808
1.28808
1.28808
-0.567483
-0.567483
-1.35265
-1.35265
-1.26399
-1.26399
-0.414467
-0.414467
0.897432
0.355755
0.355755
-0.883095
-1.10782
-1.10782
-1.10782
-1.10782
-1.10782
-1.10782
-0.0512268
-0.0512268
-0.0512268
-0.186714
-0.186714
-0.186714
-0.813416
-0.813416
-0.492131
-0.492131
0.865773
0.865773
0.865773
0.865773
0.712291
-0.715736
-0.715736
-0.715736
-0.715736
-0.715736
0.995351
0.995351
0.995351
0.337288
0.337288
0.337288
0.337288
-0.0183228
0.299282
0.712047
0.712047
0.712047
0.10728
0.10728
0.10728
-0.472889
-0.472889
-0.472889
-0.472889
0.50939
-1.16155
-1.16155
0.921097
0.921097
0.921097
0.921097
-0.476668
-0.476668
-0.476668
-0.868381
-0.868381
-0.868381
0.323176
1.03604
-0.692216
-0.692216
-0.692216
-0.692216
-0.692216
-0.692216
-0.692216
-1.13843
0.163004
-0.653436
-0.653436
-0.653436
-0.653436
-0.653436
-0.653436
-0.653436
0.943635
1.16507
1.16507
-0.512859
-0.512859
-0.572913
-0.572913
-0.572913
0.363335
-0.15898
-1.19046
-0.933506
-0.933506
-0.933506
-0.933506
-0.933506
-0.638689
1.49659
0.664571
-0.655209
0.346181
0.346181
0.555213
-0.913464
-0.913464
-0.913464
-0.913464
-1.33758
-1.03235
0.398386
0.398386
1.29224
0.943225
-0.0881801
0.340357
0.340357
-1.09051
-1.11954
-1.11954
-1.11954
-1.11954
-1.23285
-1.23285
-1.23285
-0.593492
-0.424337
0.544567
0.544567
0.544567
0.544567
0.544567
0.544567
-0.188627
-0.188627
-0.981271
-1.08771
-1.0148
-1.0148
-1.0148
-1.56338
-1.56338
-1.56338
-1.56338
-1.32733
-0.000436827
-0.000436827
-0.017047
-0.017047
0.18282
1.20631
0.399527
0.399527
0.865246
-1.25417
-1.25417
-1.45698
-1.45698
-0.896959
1.07497
1.07497
1.6439
1.6439
1.6439
1.6439
1.6439
0.652602
0.652602
0.652602
1.17694
1.17694
1.17694
0.210591
0.683047
-0.227604
-0.227604
-0.227604
-0.886133
-0.886133
-0.139983
-0.139983
-0.139983
-0.518941
-0.518941
-1.27362
-1.27362
-0.282427
-0.282427
1.40585
0.807082
-1.34744
-0.899882
-0.899882
-0.899882
-0.383239
-0.383239
-0.383239
0.878153
-0.646057
-0.646057
-0.646057
-0.646057
-0.646057
-0.646057
-0.646057
-1.06991
1.09623
-0.617384
-0.617384
-0.617384
-0.617384
-0.338081
-0.338081
-0.338081
-0.338081
-0.551456
-0.551456
-0.551456
1.08941
1.08941
1.08941
0.965578
0.965578
0.965578
0.965578
-1.14204
0.554659
-1.51988
-1.64983
-1.64983
-1.64983
0.834933
0.834933
0.113286
-0.286175
-0.440615
-1.37112
-1.37112
-1.2444
0.525019
-0.576101
1.63831
1.63831
-0.399231
-0.399231
0.909182
-1.32049
-0.931338
1.12988
0.371594
0.371594
0.371594
0.371594
0.371594
0.371594
-0.836576
-0.836576
-0.836576
-0.836576
-0.627998
1.26147
1.36992
1.36992
1.36992
-0.568552
-0.568552
-0.00941594
-0.572532
-0.572532
-0.572532
-0.572532
-0.121287
-0.121287
0.664234
0.664234
0.664234
-0.0194116
1.05961
1.05961
-1.02548
-0.944415
-0.944415
0.923206
-0.947582
-0.947582
-0.947582
-0.947582
0.13382
0.889723
-1.40862
-1.41918
-0.904079
-0.904079
-0.904079
-0.904079
-0.904079
0.0703802
0.148886
-0.560851
-0.560851
-0.919276
-0.919276
-0.845671
-0.845671
-0.845671
0.654049
1.25279
1.08493
0.29938
0.29938
0.29938
-0.814087
1.53468
0.280389
0.524547
0.524547
0.524547
0.524547
-0.785565
-0.785565
0.810662
0.810662
0.810662
-1.19849
-1.19849
-1.19849
-1.19849
-1.19849
-1.19849
-1.16832
-1.16832
-1.16832
-0.432943
-0.432943
-0.924226
-0.924226
-0.924226
-0.434436
1.02148
1.02148
-0.925918
-0.925918
-0.925918
-1.69788
-1.69788
-1.69788
-1.69788
-0.430765
-0.430765
-0.430765
-0.430765
1.00936
-0.316509
1.56389
1.56389
1.56389
1.5762
0.20375
-1.16876
-0.169654
-1.00647
-1.12212
-1.12212
-1.12212
-1.49131
-1.00702
-1.00702
-1.00702
-0.0616378
0.32846
-1.8194
0.427047
0.307104
1.74968
1.71098
1.57148
-0.922759
-0.922759
-0.922759
-0.922759
-0.922759
-0.922759
-1.36236
-1.36236
-1.36236
-1.36236
-1.36236
-1.36236
-1.36236
0.451221
0.683845
-0.73291
-1.39085
-1.39085
-1.39085
-0.561271
0.441296
0.640603
-1.51237
-1.51237
-0.314842
0.461196
0.870109
0.870109
0.918442
0.918442
0.918442
0.716204
1.49021
1.49021
1.49021
1.49021
1.49021
1.49021
1.49021
-0.281771
1.87602
-0.302096
-0.184814
-0.184814
0.899016
0.899016
0.899016
0.899016
0.899016
0.899016
-0.487094
-1.18705
-1.18705
-1.18705
1.00524
1.00524
1.00524
1.00524
-0.433138
-0.433138
-0.0167928
0.702766
0.702766
0.702766
-0.46405
-0.46405
-0.46405
-0.217805
-0.217805
0.649288
0.997851
0.997851
0.997851
0.997851
0.997851
0.997851
0.997851
-0.304202
-0.304202
-1.09493
-1.09493
0.8693
-0.150932
-1.1132
-1.01935
-1.01935
-1.47012
-1.47012
0.392593
0.392593
0.688469
0.688469
0.688469
0.688469
0.833556
0.833556
0.833556
0.833556
-0.18281
0.101484
0.172085
0.172085
0.172085
0.172085
-0.844904
-0.844904
-0.844904
0.860624
0.860624
0.0963176
1.2332
1.2332
-0.580004
-0.580004
-0.580004
-0.580004
1.79301
-0.278386
-0.278386
-0.278386
-0.69296
-0.69296
-1.30912
1.02286
1.47743
1.47743
1.26082
1.26082
-0.641453
-0.786004
-0.786004
-0.786004
1.5196
1.5196
0.494715
0.494715
0.494715
0.494715
-0.707143
-0.606629
-0.606629
-0.606629
0.894496
-0.333683
-0.333683
0.838855
-1.06615
-1.06615
-0.658239
-0.658239
-0.908601
-0.746216
0.546848
0.546848
0.667408
-0.747528
-0.747528
1.14258
1.14258
0.62025
-0.324222
-0.736774
-0.736774
-0.736774
-0.814874
1.3619
1.50978
1.50978
0.502963
0.502963
-0.23859
1.43992
1.43992
-0.048566
-1.44635
-1.44635
-1.44635
-1.44635
0.0777746
-0.411825
1.15212
0.49934
0.559345
0.559345
1.37878
1.37878
0.939062
0.939062
1.2456
1.2456
1.2456
1.2456
0.339882
-0.675616
-0.675616
0.0045786
0.606155
-0.528976
-0.528976
-0.528976
-0.528976
-0.54108
-0.54108
-0.54108
1.18874
0.339481
0.206245
0.206245
0.206245
0.206245
0.206245
-0.696235
0.53865
0.64819
-0.938299
-0.879218
-0.879218
-1.05469
-1.05469
-0.574823
1.09574
1.09574
0.195046
-0.402354
0.695181
1.28391
-0.601363
-0.601363
-0.601363
-0.601363
-0.601363
-0.601363
0.0600961
0.0600961
-1.01875
-1.01875
-1.01875
-1.01875
0.498199
0.498199
0.498199
-0.222843
-0.222843
1.73475
1.73475
0.277198
0.156691
0.313169
0.313169
0.313169
0.313169
0.313169
-2.15974
-2.15974
-2.15974
-0.408871
-1.20045
-1.08426
-1.05671
-0.503205
-0.503205
-0.648375
-0.45802
-0.45802
-1.36652
-1.36652
-0.995566
-0.995566
-0.995566
-0.995566
-0.995566
-0.995566
-1.58498
-1.58498
-1.55884
0.193384
0.512286
0.842408
0.842408
0.842408
0.842408
0.842408
-0.166521
-0.807873
-0.807873
-0.0982719
-0.0982719
-0.0982719
-0.126055
-1.35473
-1.35473
-1.35473
0.306032
0.306032
0.306032
0.306032
0.306032
0.306032
0.961212
0.961212
1.06795
1.06795
1.06795
-0.946754
-0.946754
0.358153
-1.39929
-1.39929
-1.39929
-1.37405
-1.37405
-0.728729
-0.728729
-0.797897
1.44313
1.56147
0.0380769
0.561159
0.806574
0.806574
0.806574
-1.13197
-1.22575
-1.11524
-1.11524
0.0793203
0.0793203
0.841698
0.841698
0.841698
1.35454
1.35454
-0.314983
-1.05356
-1.05356
-1.15613
0.624058
0.624058
0.624058
0.624058
1.04463
1.04463
0.566955
-0.859335
0.766225
-1.17768
-1.17768
-0.821553
1.20261
-1.14674
0.436189
0.839819
0.839819
0.839819
0.839819
-0.793769
-0.793769
0.708602
1.23559
-1.16582
-0.777063
-0.777063
1.52739
1.1703
-1.10149
-1.65806
0.3396
0.513597
1.44058
-0.911512
-0.911512
-0.911512
-0.911512
-0.708653
-0.708653
-0.708653
-0.708653
-0.708653
-0.493664
-0.493664
-0.61015
-0.61015
-0.731692
-0.731692
-0.731692
-0.731692
-1.1386
0.749624
0.291136
0.291136
-1.20578
-1.20578
-1.20578
1.16027
1.16027
-0.438294
-0.976642
-0.976642
0.445652
0.251202
-0.712422
-0.712422
0.387422
0.387422
1.2669
1.2669
1.38184
1.38184
1.38184
-0.846209
-1.34891
-0.699009
-0.699009
-0.699009
-0.699009
-1.18652
-1.18652
-0.725451
-1.52249
-1.52249
-1.52249
-1.49523
0.413548
0.413548
0.413548
0.413548
0.413548
0.413548
0.413548
-1.15812
-1.15812
0.726085
0.726085
0.726085
0.726085
0.726085
0.606214
0.606214
1.08182
0.310581
-0.942446
-0.942446
0.665091
0.4876
0.894383
0.894383
1.42129
1.42129
1.20649
1.20649
1.20649
1.20649
-0.176832
-0.714392
-0.714392
-0.714392
-0.714392
-0.714392
-0.290638
-1.45396
-1.45396
-1.45396
0.957377
0.957377
0.957377
0.957377
0.957377
1.03958
0.21626
-0.284632
-0.284632
-0.284632
0.961651
0.246534
0.246534
-1.23059
0.400572
0.400572
-0.421706
-0.421706
-0.421706
-0.808626
1.23465
1.23465
1.23465
1.23465
1.23465
-0.754141
-0.754141
-0.754141
-0.754141
0.101185
0.549207
0.549207
0.549207
0.382455
-0.459429
-0.142424
-0.142424
0.286559
1.55834
1.55834
1.43505
0.084772
0.565009
0.565009
0.565009
1.26089
1.26089
-0.185329
1.0447
1.0447
1.0447
-1.00816
-1.00816
-1.00816
-0.0297307
0.129119
0.384337
0.384337
-0.241593
-1.20996
-0.53682
-0.53682
0.496348
0.496348
0.496348
-0.496685
-0.496685
-1.60069
-1.60069
0.106454
0.106454
-0.876443
-0.876443
-0.0437705
-0.25884
-0.25884
-0.25884
-0.25884
0.928664
0.575091
0.575091
0.575091
0.228391
0.589534
0.47008
0.47008
0.47008
-0.985293
0.77677
0.77677
0.77677
0.77677
0.77677
-0.315015
-0.0267033
-1.44268
-0.485117
-0.485117
0.574776
-1.56628
-1.41368
-0.911376
0.432711
1.1684
1.1684
1.1684
1.1684
0.601271
0.601271
0.601271
0.601271
1.07981
-0.52309
-0.52309
-0.52309
-1.4176
-1.28183
-1.63762
0.633802
0.633802
1.02555
-0.370731
-0.370731
-0.733868
-0.733868
-0.733868
0.53713
0.53713
1.84066
1.84066
1.84066
1.10533
-1.08046
1.28277
0.57544
-1.18289
-1.18289
-1.18289
1.01856
-0.124339
-1.03035
-0.990471
-0.990471
-0.990471
-0.990471
-0.47721
0.485398
0.485398
0.485398
0.485398
0.57606
0.133024
-0.61203
-0.623822
0.464046
0.464046
1.25689
1.25689
1.25689
1.25689
1.25689
0.0734799
0.0734799
0.348128
-0.611715
-1.02672
-1.02672
-1.14632
-1.14632
-1.14632
-1.14632
0.322
-0.987769
-0.987769
-0.952703
-0.952703
1.41718
1.41718
1.41718
1.48313
-0.115393
0.635008
-0.0362948
1.21338
-0.953039
-0.953039
-0.953039
0.90565
0.90565
0.45037
0.848351
0.848351
0.848351
-0.419305
-0.419305
1.29813
1.29813
1.29813
1.29813
1.18532
0.675111
0.251215
-1.31602
-1.31602
-1.70457
0.634423
0.484083
-0.0638026
-0.299708
-0.232249
-0.232249
-1.02694
-1.02694
-1.02694
-1.02694
-0.99491
-0.99491
1.23442
0.870543
-0.899953
-0.899953
0.7185
-0.510097
0.407617
0.407617
-1.61994
0.744006
-0.102823
-0.102823
-0.102823
-0.27916
0.110192
-0.754083
-0.14238
1.73604
-0.617826
-0.617826
-1.54678
0.365024
0.957463
0.957463
0.789152
0.789152
1.4396
-0.230016
-0.230016
1.5041
-0.299112
1.41509
1.41509
0.18314
0.148228
0.148228
-0.620613
-0.879835
-0.879835
-0.879835
-0.879835
-0.3256
1.1124
1.1124
1.1124
-1.06594
-1.06594
-1.1185
-1.1185
-0.713552
-0.713552
-0.713552
-0.713552
-1.10518
0.42146
0.42146
0.799491
0.799491
1.26042
0.911578
-1.22706
-1.22706
-0.732965
-0.732965
-0.732965
0.066132
-1.09563
-0.568694
-0.568694
1.13946
1.081
1.081
-1.18374
-1.18374
0.604803
0.604803
0.604803
0.604803
0.965339
1.77492
1.77492
0.618645
0.618645
0.618645
0.191687
0.0370518
0.999526
0.999526
0.999526
0.999526
0.90105
-0.0275225
-0.0275225
-0.0275225
-0.144063
-0.474146
-0.474146
-0.474146
-0.0217165
0.150953
0.874141
0.874141
0.874141
-1.16336
0.741575
-0.22712
1.1192
1.1192
0.480282
0.480282
0.480282
-0.759418
-1.68528
-1.68528
-0.351042
-0.351042
0.376462
1.12939
-1.31772
-0.333014
-0.880269
-0.880269
-0.880269
-0.882444
-0.799415
-0.799415
-0.799415
-0.332311
-0.332311
0.697994
-0.87073
-0.87073
-0.87073
-0.87073
-0.87073
0.756326
-0.359413
-0.639979
-0.397747
0.367518
0.790263
0.790263
-0.983959
-0.983959
-0.983959
-0.983959
-0.983959
-0.763769
0.3101
0.3101
-0.916947
-0.576867
-0.708095
-0.708095
-0.563313
-0.563313
-1.24258
-1.24258
-1.40782
-2.00547
0.151089
1.17483
1.17483
1.17483
1.32845
-0.810249
-0.810249
0.441223
0.441223
0.441223
0.441223
0.785995
1.38314
1.38314
0.8528
0.993259
-0.251095
-0.251095
-1.31305
0.423796
0.423796
0.423796
0.423796
0.169539
-1.29684
0.728457
-1.43853
-0.623032
-0.689753
-0.689753
-0.689753
1.23389
1.23389
1.23389
1.23389
1.23389
1.23389
-0.416033
1.31427
-0.712169
-0.513621
-0.513621
-0.10794
-1.37158
-0.0262734
0.159107
0.159107
0.262224
-0.386348
-0.386348
-0.204666
1.35333
1.29298
0.26289
0.137651
-1.57159
-1.57159
0.548447
0.548447
1.22243
-0.62744
0.325987
0.325987
0.566891
0.566891
0.566891
0.639272
-1.34073
-0.408259
-0.408259
-0.408259
-0.781166
1.16486
1.16486
1.16486
1.16486
-0.411694
1.31318
-0.00451068
0.313919
-1.02798
-1.02798
-1.02798
-1.02798
-0.412964
-0.412964
-1.70305
0.0815384
1.24099
1.24099
1.24099
-1.06333
-1.11331
-1.11331
-1.11331
-1.11331
-1.11331
1.23441
1.23441
1.23441
-0.792936
-0.792936
0.766325
0.766325
0.766325
-0.295337
0.76744
-1.24897
-1.24897
-0.40214
-0.40214
0.1723
0.1723
-1.15042
1.0528
-0.431834
1.17875
1.17875
1.51421
-0.0548888
0.367189
0.367189
-0.932132
-0.322994
-0.322994
-0.0281426
-0.27419
-0.568868
-0.568868
-0.583168
-0.680971
0.42692
0.42692
0.42692
0.42692
0.42692
1.05733
-0.747512
-0.747512
-0.747512
-0.47807
-0.828643
-0.828643
-0.828643
-0.828643
0.514779
0.175436
0.341817
0.915365
0.915365
0.915365
0.915365
0.915365
0.915365
0.152155
1.19344
-0.147219
-1.99832
-1.99832
0.0228815
0.0228815
-1.11239
-1.11239
-0.259306
-0.259306
-0.259306
-0.259306
0.594959
0.594959
0.594959
-1.45268
-1.45268
-0.87837
0.632794
-0.542611
0.849265
0.849265
-1.5948
-1.74543
-0.621249
-0.957746
-0.319771
0.181994
0.181994
0.181994
0.181994
-0.175568
-0.175568
-0.175568
-1.32142
-1.23953
-1.17139
-0.554946
-0.554946
1.07742
1.07742
1.07742
1.07742
0.764713
0.764713
0.764713
-1.29311
-1.29311
-1.62199
-0.272416
1.64854
0.381988
0.381988
0.381988
0.287663
0.287663
-1.43866
-1.43866
-1.43866
-1.43866
-1.43866
0.621145
0.621145
0.621145
0.621145
0.259103
0.259103
0.994566
0.994566
0.994566
-0.56886
0.345207
0.345207
-1.60268
-1.28718
-1.15797
1.01163
-0.753552
-0.753552
-0.753552
-0.753552
0.821727
0.821727
0.821727
0.821727
-0.803809
-0.803809
-0.803809
-0.803809
-0.929512
-0.454672
-1.39257
0.753946
-1.38271
-1.38271
-1.42309
-0.390606
-0.390606
-0.390606
-0.390606
-0.473423
0.10009
0.10009
-1.06119
-1.06119
-1.13045
-0.290633
-0.290633
0.00764352
0.283187
0.283187
-0.405511
-0.405511
-1.67968
-1.67968
-0.307536
-1.27421
-0.156898
-0.119858
-0.965429
-0.659675
-0.859265
-0.859265
-0.287482
-1.7115
-1.25336
-1.25336
-1.25336
0.919098
0.919098
0.157762
-1.51676
-1.51676
-0.0756363
-0.660068
-1.00887
0.709813
-0.424841
-0.424841
-0.424841
-0.424841
-0.238502
-0.238502
-0.238502
-0.238502
1.31474
-0.269834
1.05248
0.054862
0.0428071
0.00268621
0.00268621
0.00268621
-0.716842
-0.716842
-0.716842
-0.716842
1.68099
1.68099
1.01172
1.01172
1.01172
-1.06756
-1.06756
-0.349436
-0.349436
1.04798
1.04798
1.04798
-1.01647
0.926421
1.46328
0.248792
-0.942064
-0.544139
1.22318
1.22318
1.22318
0.390524
0.390524
0.390524
-1.08507
0.252459
0.252459
0.252459
0.661823
0.767237
-0.161361
1.26641
1.26641
0.0995086
-0.176826
-1.29348
1.04485
-1.02447
-1.02447
-0.497608
-0.497608
-0.497608
1.13156
-0.373938
-0.373938
1.08167
1.08167
0.554975
-1.0607
1.15941
-0.799197
-1.47431
-1.47431
0.146365
-0.66199
0.382585
0.382585
0.382585
0.382585
-0.166499
0.0771288
-0.10648
-0.10648
-0.10648
-0.10648
-0.10648
-0.0140974
-0.672111
-0.672111
-0.672111
-0.672111
-0.672111
0.426189
0.426189
0.426189
0.536263
1.22103
1.15813
1.15813
1.15813
1.15813
1.15813
-1.12747
-0.357567
-1.13016
0.228218
0.228218
-0.3631
-0.3631
-0.3631
-0.3631
0.591958
0.591958
0.591958
-0.441991
-0.441991
-0.441991
0.955208
-1.53088
-1.53088
-1.53088
-1.53088
-1.53088
-1.53088
-1.53088
-0.627861
0.171627
0.252301
0.383448
-1.27163
0.0278065
1.20933
1.12898
1.12898
-0.334986
-0.334986
-0.0891629
-0.0891629
-0.513158
-0.513158
-0.513158
1.09067
0.907207
0.907207
0.419167
-0.615771
-0.615771
0.843349
-0.636634
-0.426678
0.875055
-1.43954
0.42374
-1.5758
0.700356
0.502655
-0.625141
0.812366
0.812366
0.812366
0.812366
0.664448
0.664448
0.664448
0.628451
0.628451
-1.15939
0.764197
0.764197
1.21791
1.21791
-0.660579
-0.0759501
-0.221812
-0.221812
1.7336
1.52485
1.52485
-0.842956
0.130733
0.130733
0.130733
0.450937
0.450937
0.450937
0.757826
1.35742
1.35742
1.35742
1.0598
-1.06689
-1.06689
-1.06689
0.235119
1.28378
1.28378
-0.395661
-1.48289
-1.01364
-1.01364
-0.828377
0.57398
0.402097
-0.124689
-0.124689
1.04675
1.04675
0.791951
0.791951
0.791951
1.26247
1.26247
1.3994
1.416
-0.784956
-0.784956
0.0547001
0.0547001
0.0547001
-0.476918
0.499012
-0.213318
0.16072
-0.802176
-0.127582
-0.127582
0.889732
0.889732
0.889732
0.889732
0.889732
0.889732
0.485502
0.485502
0.485502
0.485502
-0.352104
-0.38614
0.44433
0.216141
0.216141
0.0650933
-0.865707
0.641145
0.890147
-0.744253
-0.744253
-1.30555
-1.30555
0.386
1.10218
1.10218
1.10218
0.717903
0.101809
1.4462
0.188369
1.17511
1.17511
-0.688062
-0.688062
-0.688062
0.934037
0.227464
-0.0962106
0.571773
-0.231153
-0.761781
-0.761781
-0.761781
-0.761781
0.29678
1.5617
1.5617
-0.777562
-0.777562
-0.777562
1.36318
0.633328
0.633328
0.633328
-1.41232
-1.41232
-0.43529
-0.43529
1.02351
1.02351
-0.307252
-1.41367
-1.41367
-1.51654
-1.51654
0.136484
0.136484
0.136484
0.668097
-0.910617
-0.910617
-0.910617
-1.20292
0.0836659
0.247003
0.247003
0.247003
-0.130783
1.74291
-0.295204
1.20889
1.07457
1.07457
0.953247
0.953247
0.953247
-1.38151
-1.04111
-1.25342
-1.25342
-1.29679
0.452456
0.452456
0.452456
-1.19868
0.762349
-1.07016
0.323863
0.323863
0.492003
0.492003
0.926624
0.961594
-1.14758
-1.14758
-1.14758
-1.14758
-1.14758
-0.525438
0.215986
0.215986
0.215986
-0.0541048
-1.10114
-1.10114
-1.10114
0.503363
0.503363
0.503363
0.503363
-0.876199
-0.876199
-0.742139
-0.742139
-1.29867
0.640084
0.640084
-0.548162
-0.548162
-0.548162
-0.548162
0.912678
1.44243
1.44243
0.308079
-1.06798
-0.150049
-1.28944
-1.28944
-1.28944
-1.28944
-1.28944
0.371107
-0.885907
-0.885907
-0.885907
-0.885907
-0.885907
-0.885907
-0.885907
-0.885907
-0.945562
1.49295
1.30934
1.22784
1.56223
1.56223
1.47058
1.47058
1.34016
1.34016
1.34016
-0.362542
-1.62668
0.473753
0.403308
0.403308
1.54201
1.49552
1.49552
1.49552
1.49552
-0.607939
-0.607939
-0.607939
-0.607939
0.207279
0.16909
-1.71327
-1.71327
-1.71327
-0.993248
-0.336216
-1.87925
-1.87925
-1.87925
-1.22161
-1.22161
-1.22161
-1.79175
-1.79175
-0.870863
-0.283623
-0.495882
-1.49364
-1.49364
0.123337
-0.160689
-0.737451
-0.737451
-0.737451
-0.737451
-0.737451
-0.737451
0.0280897
1.38173
1.38173
1.03738
1.03738
1.03738
0.447662
-0.214423
0.943633
-1.46909
-1.02277
-1.02277
-1.02277
-1.02277
-0.885815
-0.885815
-0.885815
0.57272
1.30171
0.546782
0.546782
-0.499958
-0.0150269
-0.0150269
-0.201841
0.244973
-0.591115
-0.591115
-0.591115
-0.591115
-0.591115
-0.591115
-1.28889
-0.734
-0.734
-0.734
-0.734
-0.734
-0.734
-0.734
-0.734
-0.734
-0.734
-0.734
-0.734
-0.734
-0.734
-0.734
-0.734
-0.734
-0.734
0.507523
0.507523
0.755483
1.25281
0.708604
0.708604
-0.269253
0.652061
-1.25475
1.24212
-0.278843
0.767526
0.767526
0.767526
0.767526
0.767526
0.767526
0.767526
0.604636
0.604636
-1.11832
0.895704
0.895704
-0.893278
-0.549646
0.650412
-0.0555553
-0.803188
0.931977
0.667363
0.667363
-1.17402
-1.17402
0.753121
0.753121
0.753121
-1.14678
1.3032
-0.545935
-0.545935
-0.545935
-0.545935
-0.545935
1.19861
-0.296389
-0.514423
-0.514423
-0.514423
-0.524152
-0.524152
-1.01489
-0.540053
0.164578
1.30588
-0.432315
-0.432315
-0.428774
-0.980575
-0.980575
-0.980575
0.336667
-0.314016
-0.199085
-0.767159
-0.056714
-0.264746
0.512984
1.3958
1.00716
0.219486
0.219486
0.219486
-0.971743
0.778803
0.778803
0.778803
0.778803
0.778803
0.778803
-0.899509
-0.899509
0.64322
0.64322
-0.933087
-0.933087
-0.933087
-0.469751
-0.469751
-0.469751
-1.29212
0.93877
0.93877
0.93877
0.633912
1.01586
1.01586
1.24008
1.24008
1.24008
1.44133
-0.567793
-0.567793
-0.567793
-0.567793
0.565337
0.565337
-0.291669
-1.29689
-0.959831
-0.959831
0.884152
0.884152
1.09344
1.09344
-0.143435
-0.143435
1.15918
1.15918
1.15918
1.15918
1.41333
-0.540495
1.27848
1.27848
-0.0809475
0.843912
0.843912
-1.17998
-0.933236
-0.933236
-0.933236
-0.933236
-0.933236
-0.933236
0.592902
0.592902
0.592902
1.00647
1.00647
0.283958
0.493807
0.493807
-0.840972
-0.840972
-0.840972
-1.36617
0.502583
0.502583
0.502583
0.502583
-0.977739
-0.977739
-0.817017
-0.817017
-0.817017
-0.817017
-0.992255
-0.992255
-0.568627
0.163059
-0.155271
-0.155271
-0.694702
-0.694702
-1.47782
-1.47782
-1.47782
-1.47782
-1.47782
-1.47782
-1.47782
0.270399
0.0738845
-0.20465
-0.20465
-0.20465
1.61571
1.74248
-0.0844559
-1.08677
-1.08677
-1.08677
-1.08677
-0.21102
0.872793
0.872793
0.872793
0.872793
0.872793
-1.39716
-1.07094
-1.07094
-1.25662
-1.25662
0.273998
1.09661
-0.287059
-0.287059
-1.07839
-1.05829
-1.05829
0.978729
-1.19757
0.119911
-1.12172
-1.12172
-1.12172
-0.809988
-0.460011
-0.347063
0.279914
0.279914
0.279914
0.279914
-0.252551
1.35472
1.35472
-1.08385
-0.486658
-1.21841
-1.21841
-1.06384
-1.06384
1.14992
0.588595
0.588595
0.588595
1.68617
-0.694953
-0.694953
-1.17217
-1.86141
0.224864
0.224864
-0.874112
-0.874112
-0.874112
-0.874112
-0.959044
0.756767
1.24376
-0.506865
-1.27763
1.06865
1.06865
1.06865
-1.10184
-1.10184
-0.992459
-1.59036
-0.52405
0.668718
0.668718
0.668718
0.668718
-0.561279
-0.561279
-0.561279
-0.561279
-0.561279
-0.561279
-0.172734
0.616174
0.616174
0.14613
0.774005
0.774005
0.933745
0.933745
0.807192
0.807192
0.807192
-0.885115
-0.885115
-0.885115
-0.885115
0.00638591
1.02337
1.02337
0.454359
0.454359
0.454359
0.454359
0.612523
-0.39147
-0.39147
-0.52114
-0.52114
-0.52114
1.24674
1.22741
0.409763
0.409763
-1.00331
-1.00331
-0.328574
-0.328574
-0.328574
-0.479742
-0.479742
0.199373
0.199373
-1.67592
-0.263736
-0.263736
-0.263736
0.923523
0.923523
0.923523
-0.347325
0.995332
0.995332
1.35504
1.35504
1.35504
0.280873
0.280873
0.280873
1.15758
1.15758
-0.344593
-0.344593
-0.892521
-0.387346
-0.387346
-0.387346
-0.387346
0.192065
0.192065
0.192065
-1.01924
-1.01924
-1.14726
-1.03324
-1.03324
-1.03324
-1.03324
-1.03324
-0.892161
-0.892161
1.05603
1.05603
-1.28931
-1.28931
-1.28931
-1.28931
-1.28931
-1.28931
-0.26212
-0.468104
0.764033
1.54145
0.186928
0.417656
0.417656
-0.987111
-0.987111
-0.0197063
-1.40025
1.03758
1.03758
0.990537
0.990537
0.46401
0.729086
0.45688
0.71694
0.419691
0.419691
0.920882
0.920882
0.607356
0.607356
-0.778041
-0.778041
-0.778041
-0.778041
0.205058
0.215948
0.890788
0.890788
-1.01942
-0.265581
-1.354
-1.354
0.298882
0.298882
-0.295785
-0.295785
-0.295785
-0.295785
0.741593
-0.507875
0.886645
0.886645
0.886645
0.916387
0.316373
0.316373
-1.03881
-1.03881
-1.03881
-1.03881
-0.124184
-0.124184
1.51478
-0.906216
-0.906216
-0.906216
-0.906216
-0.976586
1.01637
1.01637
-1.08904
0.978343
0.978343
0.978343
0.978343
0.978343
-0.148224
0.964693
0.964693
-1.05022
-1.05022
-1.05022
-1.40354
-1.40354
-1.40354
0.560382
0.560382
0.560382
0.560382
0.560382
1.2216
-0.744468
-0.744468
0.395202
0.893122
0.893122
0.893122
-1.02193
-1.02193
-1.02193
-1.02193
-1.02193
-1.02193
-1.02193
-0.364705
1.37839
0.704231
0.704231
1.01946
1.01946
1.01946
0.284918
0.284918
0.787838
0.787838
0.787838
0.787838
0.787838
0.787838
1.09374
-0.909162
-0.909162
-0.749599
1.00672
0.382817
1.36773
0.470893
-0.639082
-0.639082
-0.639082
-0.63353
0.744735
1.58773
1.59208
-0.0483034
-0.0483034
-0.0483034
1.77015
0.541317
0.541317
-0.141931
-0.978676
-1.55312
-1.55312
-1.27356
0.880401
-0.763212
-0.208339
-0.208339
1.59386
0.567857
-0.875721
-0.875721
-0.875721
-1.26952
0.554341
1.43394
0.420409
1.08164
0.309157
0.377268
0.617257
-0.940139
-0.940139
0.0331173
0.321149
0.321149
-0.466827
-0.466827
-0.466827
-0.494877
-0.364295
0.762604
0.762604
0.762604
0.762604
-1.21219
-1.33459
-1.33459
-1.33459
-1.33459
-1.44443
-1.44443
0.653714
0.902253
-0.588985
1.40309
1.40309
1.40309
1.10812
0.392992
0.392992
0.597126
0.415713
-0.937352
-1.82585
-1.82585
-1.82585
-0.729835
1.17263
1.17263
-1.07153
1.41944
1.41944
1.41944
1.41944
1.41944
1.41944
-0.387667
-0.387667
-0.387667
-0.387667
-0.0993236
-1.20509
-1.20509
-1.20509
-1.20509
-0.036584
0.771204
0.771204
0.771204
0.513641
-0.382048
0.688221
0.688221
0.688221
-0.968504
0.686136
0.686136
0.686136
0.686136
-0.889091
-0.889091
-0.889091
-1.34896
-1.34896
-1.34896
-0.310204
0.67094
0.288252
0.366372
0.366372
0.366372
0.366372
0.366372
0.366372
0.366372
0.366372
0.366372
0.366372
-1.41615
-1.41615
0.791441
0.847536
1.72617
-0.42431
-0.42431
-0.42431
-1.40411
-1.40411
-0.790847
-0.790847
-0.085914
-0.085914
-0.085914
0.0622817
-0.0334675
1.06484
1.06484
1.32441
-0.768965
0.697579
-1.00271
-1.00271
-1.00271
1.38506
0.603473
0.108086
0.108086
0.775247
0.775247
0.886153
0.886153
0.886153
1.42625
1.42625
1.42625
0.13844
0.13844
0.13844
0.13844
-0.744652
-0.744652
-0.744652
0.447887
0.447887
0.447887
1.3605
1.3605
1.3605
-0.0217641
-1.2049
-1.2049
-1.2049
-1.2049
-0.0627183
-0.984275
0.786613
0.386989
1.27251
-0.259698
-0.726764
-0.726764
-0.882865
1.50298
-0.2182
-0.2182
-0.2182
-0.2182
0.870143
-1.50543
-0.0317799
0.85054
0.85054
0.85054
0.85054
-1.10524
-1.10524
0.139309
-1.07311
-1.07311
-1.07311
-1.07311
-0.0465952
-2.02012
-2.02012
-0.695932
-0.695932
-0.695932
-0.234053
-0.234053
0.876634
-1.46056
-0.174709
-0.174709
0.395596
0.800414
0.800414
0.800414
0.800414
-0.407441
0.177606
1.47855
-0.664105
-1.36075
-1.36075
-0.18693
-0.18693
-0.18693
-0.960912
1.05863
1.05863
-1.21242
-1.21242
-0.84984
-0.626806
1.62398
1.62398
1.62398
0.393016
0.453645
0.637701
0.637701
0.030357
1.37932
1.37932
1.43423
-0.95706
-0.95706
-0.95706
0.821963
1.09831
1.04833
1.06789
1.06789
0.785254
0.785254
0.785254
-1.38809
0.219706
0.219706
0.283908
0.283908
0.283908
0.283908
0.283908
0.283908
0.107981
0.107981
0.107981
-0.166298
-0.412005
0.956063
-0.656166
-0.656166
0.808917
0.808917
0.808917
0.808917
0.808917
0.808917
1.05823
1.05823
1.05823
-1.25456
-0.302026
-0.865073
-0.865073
-0.865073
-0.865073
-0.865073
1.00093
-0.666538
-0.666538
-0.666538
1.31836
1.31836
1.31836
1.31836
1.31836
1.32179
1.32179
-0.346048
-0.346048
-0.346048
-0.874919
-0.874919
-0.852734
-0.852734
-0.852734
-0.233708
-0.233708
-0.233708
0.991735
0.426952
-1.17277
0.200944
0.200944
-0.197168
-0.104286
-1.52049
-1.09883
-1.09883
-1.09883
-1.09492
-1.09492
0.713928
0.713928
1.36102
1.36102
1.11927
-0.668113
-0.668113
-1.09069
-1.82926
-0.278286
-0.278286
-0.278286
-1.1652
-1.1652
-0.683142
-0.556589
-0.567586
-1.28571
-1.03531
-0.924927
-0.924927
-0.924927
-0.924927
-0.924927
-0.0410635
-0.0410635
-0.819014
-0.819014
-0.30668
-0.30668
-0.0688785
-0.0688785
1.14854
0.571129
0.571129
-1.06019
-1.18503
-1.18503
-1.18503
1.16156
-1.20082
-1.20082
-1.9419
0.490235
0.238218
0.238218
0.238218
0.238218
-0.793752
-0.793752
-0.793752
-0.793752
1.51314
-0.697254
-0.470602
1.22651
1.22651
1.88087
0.988256
-0.88612
0.283175
1.03728
1.03728
0.289046
-0.710514
-0.710514
-0.710514
-0.373521
-0.306352
-0.306352
0.624993
0.898468
1.44716
1.44716
-0.525027
-1.69399
0.311636
0.492321
0.624576
1.33612
0.370426
0.223313
-0.454668
-0.454668
0.522282
1.02102
-1.35993
-1.35993
0.26455
0.12213
-1.57761
0.540151
1.3407
0.241397
0.241397
1.52559
-0.245989
0.0801409
-1.00246
-1.00246
-1.00246
-1.00246
-1.00246
-1.0463
-1.0463
-1.0463
-0.644544
-0.644544
-1.24384
-0.0330411
-0.460885
-0.460885
1.00355
-0.866385
-1.70725
-1.70725
-1.70725
-1.70725
-0.571882
-0.571882
1.10774
-0.430512
-0.430512
-0.430512
-0.430512
-0.430512
-0.430512
-0.284842
-0.284842
-0.284842
-0.284842
-0.284842
-0.0429842
0.985993
0.493279
0.493279
1.12086
1.12086
1.12086
1.12086
1.12086
1.12086
-0.978055
1.02287
1.02287
0.726425
-0.21105
1.85773
1.85773
1.85773
1.85773
0.308435
1.01341
1.01341
1.01341
0.681001
-0.977458
1.44297
1.44297
-0.898372
-0.898372
-0.826362
0.0885137
0.738216
-1.19594
-1.19594
1.01379
0.970905
0.970905
0.970905
0.526489
0.526489
0.526489
0.526489
0.526489
-0.454723
0.790344
0.790344
-1.37257
-1.37257
-1.37257
-1.37257
-1.37257
-1.38288
-1.09004
-1.09004
0.313728
0.407891
0.407891
-1.19146
-0.625301
-0.625301
-0.625301
0.610887
0.610887
0.610887
-0.456416
1.33341
0.38638
1.18338
0.706791
0.706791
0.706791
0.823567
0.78315
0.78315
-0.150423
1.14851
0.634937
0.634937
0.634937
0.634937
0.634937
-0.471246
-0.471246
-1.21204
0.585301
0.585301
0.585301
0.415106
0.415106
0.415106
-0.00631979
-0.00631979
-0.00631979
0.887697
0.887697
0.887697
0.887697
0.887697
-0.961902
-0.961902
-0.961902
-0.961902
-0.961902
-0.961902
-0.961902
-0.695607
-0.835883
-0.835883
-1.05237
-1.05237
-1.05237
-1.05237
1.1853
1.1853
-0.256363
-0.256363
0.658061
-0.884443
0.493194
-0.548699
-0.548699
-0.371107
-0.817489
-0.817489
-0.817489
-0.817489
-1.31182
-1.31182
-1.31182
-1.31182
-1.31182
-1.31182
0.497407
0.497407
-1.15409
1.01738
1.01738
1.01738
1.01738
0.688762
1.16983
-1.1277
-1.1277
-1.1277
-1.1277
-1.1277
-1.1277
-1.1277
-1.1277
-1.1277
-1.1277
-0.958123
-0.958123
-0.894586
-0.894586
-0.894586
-0.894586
0.0511501
0.330294
0.32261
-0.852179
-1.51349
-1.56287
-0.408326
-1.19423
-1.19423
-1.19423
-0.940442
-0.940442
-0.940442
-0.940442
-0.940442
-0.940442
-0.940442
1.12009
-0.186146
-0.186146
-0.768858
-0.823672
-0.823672
0.636185
0.636185
-0.771037
-0.771037
0.596567
-1.21025
-1.21025
-0.648871
-0.441771
0.993352
-1.31973
-0.93079
1.22144
-0.173177
-0.819717
-0.819717
-0.819717
-0.819717
-0.573986
-0.806758
0.0231042
-0.0898385
-0.0898385
0.918366
0.918366
0.821301
0.821301
0.821301
0.821301
0.821301
0.821301
0.821301
0.821301
0.821301
0.753537
0.716459
-0.371102
-0.371102
-0.548691
-0.983633
-0.983633
-0.983633
-0.983633
-0.983633
-0.983633
-0.983633
-0.983633
0.965594
0.965594
0.965594
0.965594
-0.336722
1.08014
0.988064
0.988064
-1.18533
-1.09807
-1.09807
0.251791
0.146998
-0.397688
-1.52954
-0.271514
-0.280194
0.596536
1.64573
1.64573
0.842504
0.967522
0.847892
1.05803
1.05803
0.817633
0.634143
0.634143
1.4732
0.830264
-0.509374
-0.509374
-0.848273
1.1084
1.1084
-0.346613
0.00133293
-1.22629
-1.42553
-1.42553
-0.339627
-0.852195
-0.852195
-0.852195
-0.00538438
-0.00538438
-0.00538438
0.113751
1.2135
1.2135
1.2135
-0.225547
-0.966393
-0.966393
-0.966393
-0.966393
-0.966393
1.06796
1.06796
1.06796
1.06796
0.812964
-0.990595
-0.990595
-0.990595
-0.842018
0.784867
0.0310589
-0.41055
0.905869
1.75613
1.75613
-0.579098
-0.0328685
-1.222
-1.222
-1.222
-0.160173
0.805874
0.805874
-0.291396
0.415839
0.97636
1.12501
1.12501
1.12501
1.12501
1.12501
0.439241
-0.827312
0.168549
0.806519
0.806519
-0.638158
-0.638158
1.0647
1.0647
1.0647
1.15088
1.15088
1.15088
0.0821196
0.0821196
-0.573293
1.05681
1.05681
1.05681
1.05681
1.05681
-0.00176059
0.358812
0.358812
-1.27024
-1.27024
-1.13794
-1.23754
-1.23754
-1.23754
-0.17664
-0.25895
-0.301587
1.22217
1.22217
1.22217
-0.107749
0.612095
0.612095
-0.922268
-0.922268
1.04133
1.04133
-1.39963
-1.39963
0.829217
0.588439
0.939863
0.939863
1.21522
-0.741832
-0.651702
-0.520418
-0.520418
-0.520418
-0.520418
1.26252
1.26252
1.26252
0.725448
0.725448
0.725448
0.0875235
0.0875235
0.987077
0.987077
-0.674674
-0.674674
-0.674674
-0.674674
-0.674674
-0.674674
-0.674674
-0.674674
-0.270553
-1.16918
-1.51595
-1.51595
0.691728
0.32158
-0.300422
0.816489
0.816489
1.09357
1.09357
1.09357
1.09357
1.09357
1.09357
1.09357
0.42712
0.796974
0.59612
0.0694148
1.45151
1.45151
0.22815
0.850512
0.850512
0.850512
-0.221139
-0.221139
0.173365
-0.749146
-0.806863
-0.824366
-0.824366
-1.04582
-0.0612205
0.0137302
0.0137302
-0.0369283
-0.87763
-0.87763
-0.584106
-0.579227
0.359675
0.359675
0.0361414
0.993613
0.993613
1.11955
1.11955
0.210087
1.68303
1.68303
1.25374
0.739378
0.739378
-1.05408
-1.05408
-1.05408
-1.16001
-1.16001
-1.16001
-1.16001
-1.16001
-1.16001
-0.963556
-0.963556
-1.09704
-1.09704
0.589201
-0.77535
-0.634441
-0.634441
-0.701988
-0.701988
-0.701988
-0.701988
-0.701988
1.39548
-0.822355
-0.822355
0.0241418
-0.396975
1.17365
1.17365
1.17365
0.625507
-1.31528
-1.47144
-0.184847
-0.766518
-0.186003
-1.67799
-1.48497
-1.48497
-0.186227
-0.186227
0.434731
0.740703
0.740703
-0.244603
1.10342
1.10342
0.807302
0.807302
0.807302
-0.432053
-0.820067
-0.820067
1.26028
-0.878431
1.19552
1.02956
-0.61479
-0.61479
-1.08949
-0.740637
0.663567
0.663567
0.663567
0.663567
0.703749
-0.0930825
-0.0930825
-0.0930825
1.83639
-0.565073
-0.565073
-0.996641
-0.996641
0.271358
-0.561459
-0.561459
-0.32673
-1.21861
-1.21861
-1.21861
-1.21861
-0.684711
-0.202199
-1.49852
0.645962
0.645962
0.645962
0.645962
0.645962
0.645962
0.645962
1.49208
1.49208
1.49208
1.49208
1.49208
1.49208
-0.279423
-0.279423
0.659349
0.659349
-0.431061
-1.18098
-1.18098
-1.18098
-1.18098
-0.725432
-0.725432
-0.370797
-0.370797
-0.927205
0.228592
-1.07914
-1.07914
-1.11272
-1.11272
0.726231
1.01161
0.841353
-0.838061
0.118232
2.10075
0.0862902
-0.746614
-0.746614
-0.746614
-0.746614
-0.746614
-0.746614
1.64877
-0.593242
-0.593242
-0.593242
-0.593242
-0.593242
-1.82949
-1.82949
-1.39124
-0.416164
-0.416164
0.367816
0.367816
-0.929717
-0.929717
0.636846
0.636846
-0.910391
-0.910391
-0.910391
-0.910391
-0.430488
-0.430488
-1.49499
-1.49499
-0.478041
-0.478041
-0.616594
0.00319781
-0.425546
0.0154194
-0.310512
1.15832
1.15832
-0.338055
1.15521
1.15521
1.13457
-1.11809
0.909531
0.909531
-1.00976
1.37581
-0.51774
-0.854879
0.668525
-0.484848
-0.484848
-0.484848
-0.182537
-0.182537
-0.182537
-0.182537
0.186789
-1.27491
-0.807402
1.18547
0.583895
-1.2362
0.706345
0.706345
1.50857
1.50857
0.497471
0.497471
-0.939906
-0.939906
-0.599556
1.59923
1.59923
0.750912
-0.927266
0.162882
-0.744398
-1.00854
-1.00854
-1.70519
-1.64848
-1.64848
-1.64848
0.497629
-0.0591944
-0.0591944
0.469836
0.146917
0.146917
-1.07177
-1.07177
0.334478
-1.11861
-1.11861
-0.581528
-0.581528
-0.278001
-0.278001
-0.278001
-0.278001
-0.278001
-0.375896
-0.0755585
0.696706
0.696706
0.0332198
-1.56391
0.71134
0.71134
1.10613
1.10613
1.10613
0.987287
0.987287
0.987287
0.987287
0.987287
1.51885
0.292061
1.19755
1.19755
1.19755
1.19755
0.131123
1.11937
0.0785573
0.0785573
-1.50728
-1.11104
-1.11104
0.7358
0.7358
1.19682
-0.624225
-0.624225
-0.624225
-0.624225
0.923126
0.923126
0.923126
0.923126
0.585375
-0.305111
-0.305111
-0.642953
-0.642953
-0.561359
0.710864
-0.0666873
0.204927
0.204927
0.204927
0.204927
0.204927
1.23002
1.39297
0.220813
-0.221453
1.12755
-0.648669
0.981032
-0.796121
0.0325563
0.133485
-0.117343
-0.114802
-0.114802
-0.114802
-0.114802
1.63079
1.63079
1.63079
1.63079
1.40961
1.78054
-0.279025
-0.279025
-0.306505
-0.306505
-0.306505
0.608798
0.705385
0.705385
0.705385
0.705385
0.705385
0.674895
-0.718601
-0.718601
0.988014
1.05521
-1.10857
-1.10857
-1.10857
0.359232
0.447636
0.447636
0.447636
0.447636
-0.703952
0.752448
0.752448
0.752448
0.160466
0.916265
0.916265
0.916265
0.4275
0.4275
1.09506
0.475815
0.475815
1.17559
1.08814
1.08814
-0.227168
-0.710516
-0.710516
-0.710516
-0.710516
-1.36494
-1.36494
-2.18561
-0.532627
-0.532627
-0.532627
-0.532627
-0.532627
0.7482
0.7482
0.948937
-0.831422
-0.831422
-0.831422
-0.226884
-1.07935
-0.739937
-1.40916
0.753379
0.753379
0.274404
0.764326
0.764326
0.531925
0.531925
0.531925
0.531925
1.13604
1.13604
-0.839324
-0.0532688
-0.0532688
-0.0532688
-0.0532688
-0.0532688
0.85864
0.85864
-0.672768
0.263946
0.263946
0.263946
-0.100895
-0.668029
-0.668029
-0.668029
-0.668029
-0.668029
-0.668029
-0.668029
0.69116
0.681159
-0.0165891
0.536324
0.536324
0.536324
0.483588
-1.52904
-1.52904
-1.52904
-1.52904
-0.78206
-0.78206
-0.78206
-0.78206
-0.860279
-0.860279
-1.15921
-1.48567
-1.48567
-1.24977
-1.24977
0.0179706
0.293742
0.293742
0.293742
1.03289
1.03289
-0.786588
-0.786588
-1.42972
0.711799
0.711799
0.711799
0.711799
0.711799
0.711799
0.711799
0.711799
0.711799
-0.220921
-0.220921
-1.00495
-1.00495
-1.00495
-1.00495
-1.16551
-1.59707
-0.160671
-0.160671
-0.160671
-0.613717
-0.613717
0.363337
-0.86506
-0.86506
-0.86506
-0.882112
-0.882112
-0.482471
0.415325
0.415325
0.415325
0.415325
0.500222
0.265416
0.650319
1.13691
1.13691
1.33028
1.33028
1.33028
0.669868
0.669868
-0.653002
1.14616
1.14616
1.14616
-1.06003
0.716393
0.716393
0.716393
0.19486
-0.427854
-0.427854
-0.511213
-0.511213
-1.35461
0.189263
0.189263
0.727527
-1.36701
-0.47842
-0.47842
-0.279145
0.434663
-0.821148
-0.821148
-0.883356
-0.785557
-0.838876
1.01532
1.01532
-1.00358
-0.174014
-0.174014
-1.02403
-0.519345
-1.20769
0.918721
-0.907761
-1.01984
0.0135554
-1.36866
0.264545
1.1387
1.1387
0.152046
0.619928
0.619928
0.619928
0.619928
1.52442
1.52442
1.52442
1.54063
0.72723
1.80608
1.80608
1.80608
1.34338
0.436588
0.0212101
0.980467
-1.09813
0.734012
0.734012
0.734012
-1.23654
0.362211
0.362211
0.362211
0.362211
0.362211
-0.561024
-0.720784
-0.734569
-0.734569
-0.734569
-0.734569
-0.642258
-1.20271
-1.20271
-1.20271
-1.20271
-0.71852
-0.81251
-0.81251
0.160991
0.366785
0.879375
0.879375
-0.50001
0.53734
-1.28603
-1.28603
0.760629
1.26234
1.26234
1.26234
0.777441
1.26705
1.26705
1.26705
1.26705
0.153924
1.10675
1.10675
1.11312
1.11312
1.11312
-0.653228
0.376007
0.399963
1.1193
0.879142
0.879142
0.879142
0.879142
1.28634
0.152652
0.366312
-0.36461
-1.34183
-1.34183
0.321618
0.716728
0.716728
0.716728
0.716728
0.0170462
1.36631
0.0887422
0.0887422
0.532276
0.527713
0.527713
1.09524
-0.438976
0.881683
-0.715102
0.775161
0.0630881
-1.5146
0.126249
0.923203
1.04191
1.04191
1.04191
1.04191
1.04191
0.57013
-0.808138
-1.75221
-1.75221
-1.75221
-1.75221
-0.720603
-0.537094
-1.31667
-1.31667
-1.31667
0.335002
0.335002
-1.37078
-1.5171
-1.5171
-0.0429586
-1.63795
0.541537
0.541537
1.01582
1.01582
-0.0613619
-0.043392
-0.043392
0.467319
0.467319
0.0980495
0.0980495
-1.06809
-1.09237
1.2765
0.243017
0.243017
-0.515754
0.60177
0.347673
0.347673
0.347673
1.30908
1.30908
1.30908
1.30908
0.320069
0.320069
0.320069
0.320069
-0.612654
0.819771
0.819771
-0.682229
0.268606
0.268606
0.268606
-0.752743
0.0817242
0.0817242
0.949304
1.06911
1.06911
1.06911
0.632535
0.609083
0.648723
-1.51248
-1.51248
-1.51248
-1.51248
0.617003
0.617003
-1.06466
-1.06466
-1.38613
-1.38613
-0.744688
-0.744688
1.062
-0.0314025
-0.0314025
-1.25923
-1.25923
-0.665886
-0.665886
1.24976
-0.575914
-0.30396
-0.30396
-0.30396
0.867411
0.867411
0.867411
0.218435
0.218435
-0.866472
-0.224047
-0.224047
-0.224047
0.437686
0.437686
0.437686
0.734685
-0.736122
-0.736122
-0.460995
-0.460995
0.237502
0.237502
0.237502
1.12494
1.12494
1.12494
0.0703226
-0.0109482
1.70212
-0.47791
-0.47791
-0.47791
-1.87241
-0.816137
-0.0898195
0.395981
0.395981
0.976185
0.976185
0.976185
0.976185
0.703118
0.703118
0.703118
0.60422
0.0083413
-1.1511
-0.0385972
-0.0385972
-0.610451
-0.734005
-0.734005
0.451677
0.607308
0.607308
0.607308
0.607308
0.607308
0.607308
-0.155926
-0.155926
-1.40558
0.706176
0.706176
0.706176
0.348269
0.348269
0.348269
1.07436
1.07436
1.07436
1.07436
-0.515392
1.46849
1.1486
1.1486
1.1486
1.1486
1.1486
1.1486
0.274585
1.19865
1.19865
-0.158252
-0.158252
-0.818229
-0.818229
-0.818229
-0.818229
-0.818229
-0.818229
-0.818229
-1.39017
-1.39017
-1.39017
-1.39017
-1.08422
-1.08422
-1.08422
-1.08422
0.972207
0.972207
0.972207
0.972207
0.0769117
-0.472572
1.49008
1.49008
1.18635
1.18635
1.18635
-0.945223
-0.299319
-0.299319
-0.299319
-0.299319
0.821572
-1.14193
-1.14193
-1.14193
-0.276691
1.04745
0.778883
0.778883
0.778883
0.871197
-0.0680349
0.563002
0.563002
0.563002
0.563002
0.503788
1.03325
1.03325
0.458455
0.458455
-1.79567
-1.79567
-0.844936
-0.652321
-0.652321
-0.652321
-1.57109
-0.491067
-0.491067
-0.491067
-0.491067
-0.682372
0.366807
0.366807
0.366807
0.366807
0.366807
0.366807
-1.35555
-1.35555
0.706996
-1.28507
-1.28507
-1.28507
-1.28507
-0.863582
-0.863582
1.2608
1.2608
-0.356475
-0.0804303
1.31968
1.89309
0.671353
-0.893796
1.59348
1.59348
1.01329
1.01329
0.874173
0.413802
0.492438
0.492438
0.492438
0.835612
0.871557
-0.8452
-0.8452
-0.550648
-0.614181
-0.614181
-0.700556
0.833891
0.8143
0.8143
0.8143
0.8143
0.61384
0.0525753
-0.945897
-0.945897
-0.945897
-0.625671
-0.0233353
0.339732
-0.980376
-1.28754
-1.02982
1.09061
1.20347
0.674837
0.429669
0.860065
0.860065
0.860065
-0.473599
-0.362232
-0.362232
-0.362232
-0.362232
-1.18311
0.0597752
0.543918
0.543918
-1.50317
-1.50317
-1.50317
-1.48217
-1.48217
-1.10891
0.272439
0.272439
0.272439
0.309649
-0.206864
-0.972021
-0.972021
-0.972021
-0.972021
1.30777
1.1724
1.1724
1.1724
0.532419
0.532419
1.23968
0.0788971
-0.698765
-0.698765
-0.55862
1.17703
-0.445536
0.402688
0.402688
0.402688
0.402688
-1.03326
-0.794106
-0.593813
-0.593813
0.802009
0.802009
-1.01751
0.891756
0.891756
-1.54191
-0.310506
-0.310506
-1.03055
0.726511
0.285541
0.285541
-1.2299
-1.07367
-1.01618
-1.01618
-1.01618
-0.456308
-0.456308
-1.48902
-1.48902
0.98559
1.15548
1.15548
1.15548
-1.14953
-1.14953
0.166968
0.166968
0.166968
0.205591
0.205591
0.205591
-1.42679
-1.42679
-1.42679
0.439402
0.0183555
-0.0196637
-0.0196637
-0.128734
-0.128734
1.00169
1.00169
0.451645
0.839089
-0.540833
-0.540833
-0.540833
-0.0809758
-0.802792
-0.802792
-0.802792
-1.17078
-1.17078
-1.17078
0.394258
0.394258
0.394258
0.394258
-0.961219
0.161426
0.24305
0.24305
-0.687589
-0.589334
-0.589334
0.3576
1.31333
0.46403
1.36226
1.36226
0.0164316
-0.904333
0.657863
0.651143
0.651143
0.651143
1.28699
1.28699
0.924729
0.924729
-1.17595
-1.49643
0.858059
-0.757903
-0.757903
-0.757903
-0.757903
-1.51029
-1.20761
-1.20761
-1.20761
-1.20761
-1.20761
-1.20761
0.260913
1.22187
1.22187
-0.26112
0.114874
0.114874
0.114874
0.114874
-0.939473
-0.939473
-0.939473
-0.939473
-1.1688
-1.1688
-0.972519
-0.972519
1.06174
-0.669508
-0.669508
-0.524421
1.28877
1.28877
1.28877
1.10496
1.10496
1.10496
-0.607474
-0.607474
-0.607474
-0.230434
0.992043
0.605987
0.605987
0.605987
0.605987
0.605987
-0.582384
0.367449
0.367449
0.367449
0.712839
0.230013
0.867938
0.867938
-0.195566
-0.195566
-0.195566
-0.195566
-0.195566
-0.195566
0.811161
-0.138712
-0.138712
-0.138712
-0.138712
-0.138712
-0.138712
-1.88772
-1.90302
-1.90302
0.41217
0.41217
0.41217
0.336396
0.336396
0.448303
0.448303
0.448303
-0.525623
-0.484279
-1.19395
-0.518907
0.979848
0.979848
-0.673105
-0.673105
-0.506667
-0.506667
-0.506667
-0.506667
-0.506667
0.22747
0.22747
0.22747
0.22747
0.22747
1.07727
-0.992636
-0.729924
-0.729924
1.14968
-0.383978
-0.549518
-0.549518
-0.549518
-0.549518
-0.549518
-0.372638
-0.372638
1.55132
1.33671
1.33671
0.356417
0.356417
0.834227
0.834227
0.834227
0.834227
0.834227
-0.639093
-0.520475
-0.331799
0.785169
0.457953
0.457953
-0.87412
-1.34149
-1.34149
-1.39043
-1.39043
-1.39043
0.24683
0.310132
-1.17652
-0.590018
-0.721244
-0.769671
-0.334727
-0.334727
-0.334727
-0.0947735
-0.675034
-0.392963
-0.392963
0.292139
-0.752752
-0.752752
0.137722
1.37321
0.977644
0.977644
-0.39147
-0.39147
-0.39147
-0.39147
0.795071
0.795071
-0.139474
-0.139474
-0.139474
-0.139474
-1.40616
0.221979
-1.81091
-1.81091
-1.81091
-1.81091
0.00758953
1.09935
1.09935
-1.36186
-0.81188
-1.03723
-1.03723
1.02167
0.055488
0.055488
-0.704197
-0.704197
0.163158
-1.09874
-1.09874
-1.09874
-1.09874
1.36872
1.36872
1.36872
-1.02612
-0.887049
-0.887049
-0.360986
0.365845
0.365845
1.49484
1.49484
1.4778
-0.852844
-0.573494
-1.11079
0.411294
0.411294
1.20623
1.20623
1.20623
-0.0600453
0.355305
-1.21196
-0.0715378
-0.0715378
0.793998
0.793998
-1.27569
-1.27569
-1.27569
-1.27569
-1.27569
-1.03803
1.20404
1.20404
-0.0466136
0.287057
0.287057
0.471863
0.492718
0.65026
-0.286248
-0.286248
-1.4106
-0.388497
0.411356
-1.01601
-1.01601
1.03307
1.03307
1.03307
-0.357329
1.11013
1.11013
1.11013
0.536686
0.536686
0.721659
0.721659
0.721659
0.721659
0.721659
-1.0203
-1.0203
-1.19794
0.877019
1.47146
1.47146
-0.312086
0.771576
-0.695698
-0.695698
-0.695698
-0.695698
-0.695698
0.875874
1.06047
1.06047
1.06047
1.06047
0.987367
0.987367
0.987367
-1.17031
-1.17031
0.0574872
1.20994
1.20994
-0.78828
0.279308
0.95551
0.95551
0.357398
0.357398
0.52179
0.880292
0.880292
1.37456
-1.10306
1.29822
1.29822
1.41295
-1.06711
-0.610934
0.590456
1.03803
-0.710398
-0.944459
-0.944459
-0.944459
-0.944459
-0.944459
0.904275
0.80441
0.285492
0.285492
-0.135591
-1.20078
-1.20078
0.174063
0.174063
1.13562
0.680267
0.680267
0.680267
0.680267
0.624932
0.624932
0.831422
-0.874117
-0.810626
0.618432
0.618432
0.9485
0.9485
0.9485
-0.23282
-0.548195
-0.548195
0.907753
0.907753
-0.964012
0.231457
0.885993
0.885993
0.885993
-1.57513
-1.57513
-1.57513
-1.57513
-0.511414
-0.766677
-0.766677
-1.30793
0.734132
-0.339081
-0.339081
1.22129
1.22129
1.22129
1.22129
-0.802052
1.21927
1.25817
1.25817
-1.13937
-1.15274
-1.15274
-1.15274
-1.15274
-1.15274
-1.17874
-1.17874
-1.21586
0.656467
0.304173
1.76499
1.76499
1.76499
-0.328849
-0.328849
-0.501706
1.43559
1.33665
1.33665
0.695753
0.357617
-1.08217
-1.08217
1.02326
1.02326
-0.995736
-0.0198273
1.66825
1.8222
1.8222
0.325967
1.17157
0.333229
0.333229
0.333229
-0.383052
-0.383052
0.137817
0.236654
1.29098
1.29098
1.29098
0.239469
0.239469
-0.425983
-0.425983
-0.433529
-0.499479
-0.499479
-0.457068
-0.457068
-0.221887
-1.14582
1.15761
1.37657
-0.579712
-0.579712
-0.764555
-0.764555
0.896965
-0.19273
-0.19273
-0.662539
-0.662539
-1.44777
-0.559831
0.554499
0.861466
0.413844
-0.387179
0.641221
-0.394923
-0.394923
-0.394923
-0.394923
0.419636
0.419636
0.419636
0.419636
0.419636
0.419636
0.947134
0.947134
0.947134
0.947134
-0.987025
-0.987025
-0.987025
-0.987025
-0.987025
-0.604966
-0.604966
-0.604966
-1.39958
-0.487688
1.37726
1.37726
1.37726
-0.359668
1.82044
0.36437
-0.090108
-0.090108
1.59854
1.59854
1.59854
1.59854
1.59854
1.76419
1.76419
1.76419
1.48821
1.48821
-0.290884
-0.290884
0.66341
0.66341
0.434156
-0.583303
-0.583303
-0.583303
0.68991
0.756905
0.647076
1.10923
-1.069
-1.62557
-1.62557
-1.32755
-1.32755
0.914831
0.914831
0.914831
0.914831
-0.300378
0.613373
0.905135
1.33432
0.673298
0.673298
0.907942
0.419787
1.52907
1.52907
0.623548
-1.03767
-0.962524
-0.0771528
-0.0771528
0.0614236
0.0614236
0.0614236
0.0614236
-1.45868
-1.45868
0.535184
-1.22812
-0.98134
-0.98134
-0.641899
-1.49569
0.980359
-0.922073
1.13353
1.13353
-0.600468
-0.600468
-0.600468
-0.847379
-0.847379
-0.847379
-0.847379
-0.847379
-0.847379
-0.792345
-0.792345
1.41368
0.208184
-0.692952
0.904221
0.508574
1.47864
0.128627
-0.934997
0.628834
0.628834
0.628834
0.628834
-0.805421
-0.893531
-0.893531
-0.934394
-0.934394
-1.41899
-1.41899
-1.41899
-0.519128
-0.831916
-0.831916
-0.831916
-0.688652
-0.503274
-0.934205
-0.934205
0.0903064
-0.79506
-0.79506
-0.79506
0.410684
0.410684
0.86797
0.86797
0.86797
0.86797
0.86797
0.86797
-1.06838
-1.06838
0.893879
0.861185
0.861185
0.861185
-1.25097
-1.25136
-0.23522
-0.23522
-0.937771
-0.375181
-0.375181
-0.937366
-0.937366
-0.937366
-0.937366
-0.599549
-0.599549
-0.0734582
-0.0734582
-0.413453
-0.770058
-1.45353
-0.695211
-1.26162
-1.26162
-1.26162
-0.820582
0.00718014
0.00718014
0.00718014
0.00718014
0.00718014
0.00718014
-0.428659
0.859908
-1.13763
-1.13763
-1.13763
-1.03943
-1.03943
0.801741
0.801741
0.801741
0.801741
0.230434
0.230434
0.230434
0.713783
0.713783
-0.425254
-0.982515
-0.982515
0.901334
0.901334
0.901334
-1.0573
-0.250729
1.54931
1.66707
1.66707
-0.686363
-0.686363
-0.679925
-0.737046
-0.737046
-0.374622
-0.733303
-0.153649
-1.22904
-0.811387
-0.811387
0.96413
1.40811
1.40811
1.72919
-0.372439
-0.372439
1.04421
1.04421
1.26931
1.26931
-1.11022
-0.977484
-0.977484
1.46229
1.46229
-0.0137698
0.0134375
-0.790966
-0.790966
-0.790966
-0.790966
-0.869061
0.428276
0.511262
1.40256
1.40256
1.40256
0.841745
0.841745
0.463722
0.463722
0.847388
0.127518
0.127518
1.12728
0.773032
1.23522
1.23522
1.23522
0.888067
0.888067
0.888067
0.888067
0.888067
-0.249645
-1.27786
-1.27786
-1.09686
-1.09686
-0.0960498
-1.22251
-1.22251
0.191305
-0.715066
-0.487379
1.14768
1.14768
-0.610954
1.44332
1.42683
0.410202
0.410202
1.48013
1.48013
1.12052
-0.795361
-1.48685
0.0479961
-0.322501
-0.454119
0.440388
0.440388
1.12695
0.957407
0.957407
-0.986029
-0.986029
-0.986029
-0.986029
-0.359421
1.38607
1.38607
0.933529
-0.701461
1.32249
-0.309732
0.98799
-0.359775
-0.74219
-0.74219
-0.74219
-0.74219
-0.74219
-0.74219
0.575081
-0.638593
-0.638593
-0.694638
-1.14967
-1.14967
1.19527
-0.351836
-0.351836
-0.351836
-1.0504
1.44451
-0.837389
-0.837389
-0.727948
-0.727948
-0.727948
-0.727948
-0.419411
0.885953
1.30462
1.30462
0.0453954
0.0453954
-0.0239654
-0.0239654
-0.0239654
0.29238
-1.13943
-0.615562
0.336357
-0.104005
0.295499
0.295499
0.939196
-0.767774
-0.767774
-1.03819
-1.03819
-1.03819
-1.03819
-1.03819
-0.2939
-0.2939
0.0257123
-1.3244
-0.275267
-0.275267
-0.275267
-0.275267
0.826976
0.826976
0.826976
0.826976
0.826976
0.352308
0.545863
0.545863
0.545863
0.545863
-0.611806
-0.611806
-0.611806
-0.278664
-0.278664
0.877394
0.749112
0.749112
0.749112
0.873317
0.873317
0.569001
0.569001
1.75575
1.75575
1.75575
0.458485
0.458485
0.458485
-0.677779
-0.677779
-1.32124
-1.32124
-1.32124
-1.32124
0.231227
0.231227
0.231227
0.231227
0.231227
2.08081
2.08081
2.08081
1.59043
-0.776656
-0.754071
-0.875482
-0.657199
-0.657199
-0.657199
-0.233597
-0.233597
-0.233597
1.5977
1.5977
0.940121
1.13384
-0.756222
-0.756222
-0.756222
-0.756222
0.590918
-0.8569
-1.52837
-1.52837
0.364884
-0.0942961
1.5578
-0.596226
0.478991
0.478991
1.66359
-0.786857
-0.980922
-0.980922
-0.980922
-0.980922
0.59654
-0.800522
0.380966
0.80985
0.649354
0.649354
0.980864
0.0974608
0.750902
1.20438
1.22886
1.22886
0.192116
0.192116
0.389204
0.389204
1.22761
1.22761
-0.80347
-1.36542
-1.36542
-0.0293204
0.737453
0.737453
0.737453
0.737453
-0.687026
-0.687026
0.393908
0.393908
-1.20826
-0.085195
0.541324
0.541324
0.541324
-1.56495
-1.56495
-1.34571
-0.0641068
-0.0641068
1.74501
0.796996
0.796996
-0.536935
-0.536935
-0.536935
-0.536935
-0.536935
-0.536935
-0.536935
1.31638
1.19577
1.19577
1.19577
1.19577
0.438123
-1.34732
-1.34732
0.127991
1.16919
0.715074
0.470661
1.39981
0.23979
-1.57738
-2.01179
-0.0593049
-0.0593049
0.125589
-0.692572
-0.692572
-0.692572
-0.639763
-0.639763
-0.639763
-0.639763
0.0625749
0.0625749
0.523694
-1.47797
-1.47797
-1.47797
-0.398463
0.879623
0.0404613
-1.06385
0.98239
0.98239
-1.17107
-0.544014
-0.846004
-0.846004
-1.14178
1.22034
-0.36176
-0.36176
0.487127
0.182182
-0.506043
-0.506043
0.3134
-1.24369
-1.24369
0.20681
1.53337
0.249156
1.16623
0.857112
0.857112
0.857112
0.275807
-1.3392
-1.3392
-0.923778
-0.923778
-0.315791
-0.315791
-0.315791
-1.9379
0.403155
0.622632
0.622632
0.622632
0.622632
0.622632
0.151506
-1.18808
1.07175
-0.406594
1.3645
-1.11282
1.18669
0.954458
0.954458
-0.439272
1.11071
1.11071
1.0855
1.0855
1.64512
1.64512
1.64512
1.64512
1.64512
1.64512
1.64512
-0.752878
-0.752878
-0.753466
-0.326991
-0.0460443
-0.0460443
-1.0579
-1.0579
-1.0579
-0.416379
-1.08428
-1.08428
1.0498
1.0498
0.647488
0.332741
-0.293425
-0.293425
-0.293425
0.997648
0.997648
0.997648
-1.35174
-1.35174
0.595392
0.353914
0.353914
1.20422
1.20422
1.20422
1.14246
1.14246
1.14246
0.858916
-0.840015
-0.840015
-0.840015
-0.840015
-0.840015
1.22856
-0.0521474
-0.875662
0.952885
0.952885
0.952885
0.952885
-0.368972
-1.08299
-1.08299
-1.08299
-1.08188
-0.0691829
-0.0691829
-1.08807
-1.08807
-0.351781
0.382363
0.382363
0.382363
0.382363
0.433187
-0.305137
0.371791
0.371791
0.371791
0.371791
0.371791
0.371791
-1.56524
-1.08105
-1.08105
1.15297
1.15297
1.15297
-0.739666
-0.739666
-0.731698
-0.731698
1.04224
1.04224
0.957741
-0.29333
-0.944757
-0.513993
-0.513993
1.1119
-0.276479
-1.26176
-1.10406
1.2786
1.2786
-0.548148
0.614182
1.21566
1.21566
1.21566
0.927394
0.927394
0.774847
-0.219914
-0.219914
-1.10296
-0.402608
-0.402608
-0.402608
1.87463
1.67211
0.818257
0.818257
0.606144
0.606144
0.606144
-0.925033
0.3187
0.3187
0.3187
0.3187
0.3187
0.3187
0.3187
0.3187
1.66612
-0.605386
-1.08183
0.920414
-0.829304
-0.829304
-0.829304
-0.829304
-0.363889
-0.363889
-0.520638
-0.520638
-0.520638
0.0350881
0.817223
-0.677843
1.42344
1.42344
1.42344
1.42344
1.42344
1.25767
1.21935
0.455041
-0.512801
-0.512801
-0.512801
-0.512801
-0.512801
-1.34703
-1.34703
-1.34703
0.815772
0.815772
0.700272
-0.418572
-1.9536
-1.9536
-0.00349369
-0.00349369
-0.534169
-0.885314
-0.885314
1.23107
1.23107
1.23107
0.621339
-0.644736
-0.644736
-0.644736
0.339902
-0.527572
-1.32967
-0.61482
-0.61482
0.218418
-0.0571226
-0.0571226
-1.36505
-1.33223
-1.33223
-1.33223
-1.33223
-1.33223
-0.443899
-1.03378
-0.330683
-0.677626
0.453471
1.58293
-0.0424551
-0.1365
-0.837317
1.24595
1.24595
1.24595
-0.10689
-0.708467
-0.708467
-0.708467
-0.708467
-0.708467
-0.708467
-0.708467
-0.708467
-0.708467
-0.708467
-0.708467
-0.708467
-0.917513
-0.917513
-0.917513
-0.917513
-0.917513
0.522591
0.522591
-0.630675
0.845263
-0.374253
-0.672605
-0.672605
-0.914574
-0.914574
-0.914574
0.756376
-0.436487
-0.436487
-0.436487
0.905472
-1.4132
-1.4132
-1.4132
-0.933463
-0.0900468
-0.0900468
-0.0900468
-0.57051
-0.57051
-0.57051
-0.471747
1.34757
1.34757
0.462979
0.462979
0.462979
0.462979
0.462979
1.70603
-0.699377
-1.02639
-0.56501
-0.56501
-1.11274
-1.11274
-1.11274
-0.124796
0.824219
0.78194
-1.1989
-1.1989
-1.1989
-1.1989
-1.1989
-0.180896
-0.180896
1.18289
0.58481
0.58481
0.58481
1.17075
1.17075
1.17075
1.17075
-0.564703
-0.924088
-1.05428
-1.05428
-1.05428
-1.05986
0.439484
0.439484
-1.70966
-1.70966
-1.4794
-0.283894
-1.22174
-1.22174
-0.209082
-1.71718
-2.1242
-2.1242
-2.1242
-2.1242
-1.82917
0.103851
-0.454241
0.8805
0.8805
0.8805
1.24357
1.16062
1.16062
1.10779
1.10779
1.10779
1.38744
-0.839481
-0.40798
-0.40798
-0.448068
-0.448068
-0.400019
-0.400019
-0.528902
-0.161807
-0.161807
-0.161807
-0.161807
0.621547
0.674904
0.172872
0.757048
-0.709865
-0.709865
-0.709865
0.76654
0.76654
-0.60414
-0.60414
-0.60414
0.5819
1.80089
0.319974
0.350694
0.238667
-1.04233
-1.11349
-0.548729
-0.548729
0.626136
0.626136
0.626136
0.626136
0.626136
0.626136
0.751107
0.751107
0.751107
0.751107
0.964087
0.964087
0.964087
0.964087
0.964087
0.274613
1.20459
1.20459
1.20459
1.20459
0.691989
0.691989
1.09828
1.09828
0.697232
-0.830198
0.542677
0.542677
-0.546057
-0.213982
1.20189
1.20189
-0.84835
-0.790587
-0.672304
-0.672304
-0.672304
-0.672304
0.878471
-0.372938
-0.372938
-0.372938
0.0222004
0.830342
0.830342
1.29682
0.338056
0.338056
0.338056
-0.736824
-0.736824
-0.141982
-0.141982
-0.0663177
-0.0663177
-0.0663177
-0.0663177
-0.0663177
-0.0663177
-0.0663177
-0.0663177
0.59056
-0.423204
-0.423204
-0.423204
0.148833
-1.50853
-0.216387
-0.898783
-0.562141
0.589496
0.589496
-0.820543
-0.393995
-0.393995
-0.393995
-0.379642
1.25651
1.60574
-0.467781
-0.7417
-0.7417
-0.7417
-0.7417
-0.7417
-0.608046
-0.143011
-0.143011
1.37739
1.37739
1.37739
1.96346
1.96346
1.96346
1.39236
0.230473
-0.799679
-0.571104
-0.571104
0.20148
1.03501
1.03501
-0.951989
-1.19564
-1.19564
-1.19564
-1.19564
-1.19564
-1.19564
-1.32078
-1.32078
-1.32078
-1.32078
-1.32078
-1.32078
-1.32078
-0.116992
0.772724
0.772724
0.772724
0.772724
-1.08399
-0.944652
-0.178322
0.572962
0.572962
0.572962
-0.638651
-0.638651
-0.629
-0.643656
0.180161
-0.67967
-0.67967
-0.67967
-0.67967
0.394103
-0.510016
0.675494
0.675494
0.915128
0.680825
0.680825
0.680825
0.680825
0.680825
-1.20341
-1.20341
0.766613
0.766613
0.766613
0.766613
0.524243
0.524243
0.524243
0.524243
0.524243
0.360125
0.360125
-0.272734
-1.01856
-1.01856
-1.01856
-1.01856
-1.01856
0.747452
1.62354
1.62354
1.63834
-0.711475
-0.127342
-0.127342
-0.127342
-0.127342
-0.92787
-0.152018
1.7465
1.7465
0.452564
0.11125
0.11125
0.0370548
0.849499
0.849499
0.849499
-0.617893
-0.540603
1.42256
1.42256
1.42256
-0.0648889
1.23477
-0.379751
-0.379751
-0.379751
-0.379751
0.257671
-0.488596
-0.488596
-0.488596
0.207552
-0.658314
0.998438
0.998438
1.75014
1.00222
-1.16323
-0.789717
-0.789717
-0.789717
-0.789717
-0.789717
0.313692
0.313692
-0.805422
-0.805422
-0.805422
-0.805422
0.0556469
0.0556469
0.511799
-0.830835
-0.830835
-0.830835
1.04571
0.625437
-0.723736
-0.723736
-0.723736
1.29113
1.29113
1.02942
1.02942
-1.15361
-1.15361
-0.813966
-0.813966
-0.847089
-0.663859
1.12483
0.367467
0.539145
-0.287431
-0.287431
-0.287431
0.553761
-0.467272
-0.467272
1.22072
-0.469046
0.431439
0.431439
0.431439
-1.76946
-1.76946
-1.76946
-1.74348
-1.74348
-0.465786
0.372637
-0.093314
-0.093314
0.102187
0.514883
0.393239
1.29648
-0.304735
0.794638
0.794638
0.794638
0.794638
-0.993782
-0.993782
-0.993782
-0.993782
-0.993782
-1.00071
-1.00071
-1.00071
-1.00071
-1.00071
-0.459011
-0.459011
-0.459011
0.719621
0.852266
0.732189
0.732189
-0.483132
-0.483132
-0.622527
-0.622527
-0.622527
-0.622527
-0.622527
-0.622527
0.956466
0.956466
0.956466
0.956466
-1.04909
0.703941
1.3917
0.0102919
-1.12312
-1.12312
-0.820311
-0.820311
-0.820311
-0.820311
-0.0123605
0.390968
-0.358195
-0.358195
1.40164
-0.177115
0.11551
1.31823
-1.04219
1.20106
0.0681672
0.0681672
0.0681672
0.0681672
0.438206
1.21591
0.139399
0.850942
0.850942
0.850942
0.850942
0.850942
0.0873636
0.0873636
0.0873636
1.42422
-0.136876
0.46186
0.46186
0.46186
0.46186
0.46186
0.0629656
0.0629656
0.0629656
0.0629656
0.857429
0.857429
0.857429
-0.960605
-0.960605
-0.960605
1.40209
1.40209
1.40209
-0.263382
-0.901569
-0.635727
0.989154
0.323802
-0.169606
-0.940024
-0.940024
-0.940024
0.82412
0.82412
0.11615
0.224796
0.224796
1.65754
1.65754
0.865034
0.865034
0.865034
0.865034
1.5854
0.276261
0.276261
-1.29945
-1.29945
-1.29945
-0.832815
-0.832815
-0.832815
1.01429
0.0370284
0.0370284
-0.870929
-0.870929
1.165
1.165
1.165
1.165
1.13287
0.84751
0.84751
0.84751
-1.4602
-1.4602
-1.4602
-0.995271
-0.995271
-0.995271
-0.995271
-0.233779
0.801999
1.58282
1.01607
-1.13943
-0.0183168
0.119084
0.373356
0.103993
0.103993
0.412955
1.71134
1.71134
-0.670464
0.0625562
0.280105
-1.22186
1.1804
1.1804
0.061361
0.061361
-0.489865
1.08899
1.08899
1.38995
1.38995
1.35254
1.35254
1.35254
1.35254
1.35254
1.51183
0.328079
0.328079
1.6259
1.32717
1.32717
1.32717
1.17052
0.312398
1.50229
1.50229
1.11689
-0.162726
-1.47836
-1.47836
-0.674334
-0.674334
-0.674334
-0.759411
-0.759411
-0.759411
0.369227
-0.569906
-0.569906
0.885151
1.53528
1.53528
1.70134
0.450112
-1.24831
-1.24831
0.924689
0.924689
-1.09134
1.05783
1.05783
1.05783
-0.577547
-0.271425
-0.271425
-0.271425
-0.271425
-1.29145
-1.29145
-1.09066
-0.468839
-0.704136
0.636623
0.636623
0.636623
0.967208
0.967208
0.967208
0.967208
0.967208
0.967208
-0.496244
-0.496244
-0.496244
-0.496244
-0.779874
-0.779874
-0.779874
-0.779874
-0.779874
-0.779874
-0.319754
0.893435
0.893435
0.893435
0.893435
0.602976
0.602976
0.602976
0.602976
1.73154
1.72295
0.16292
0.662532
0.662532
-0.745162
-0.788936
-0.788936
-0.788936
-0.788936
-0.788936
0.815741
0.949313
-1.09589
0.798631
-0.80486
-0.80486
-0.80486
-0.80486
-1.47208
-1.47208
0.802539
0.802539
0.802539
0.802539
-1.5552
-1.5552
-0.706641
0.935135
0.935135
0.935135
0.935135
0.935135
1.11138
1.11138
-0.897653
-0.897653
-0.897653
-1.97326
-0.718873
-0.896756
-0.896756
-0.896756
1.51317
0.954431
0.954431
0.691743
0.297343
-0.0210085
-0.0384979
-1.16261
-0.897201
-1.14701
-1.14701
-1.14701
0.37807
0.803035
0.803035
0.803035
-1.57526
-1.57526
-1.92974
-1.92974
0.143526
0.27959
0.765433
0.765433
0.935112
0.862182
0.862182
0.805425
0.805425
1.4217
1.4217
1.4217
-0.168459
-0.168459
-0.168459
-0.824077
-0.923365
-0.571367
-1.25056
-1.25056
0.678488
0.678488
0.678488
0.678488
0.601211
1.22511
1.92202
1.92202
0.825704
1.2657
1.2657
1.2657
1.2657
1.2657
1.2657
0.0955961
-0.442414
-0.442414
-0.442414
1.01519
1.01519
0.593611
0.593611
-0.174938
-1.13634
-1.13634
-1.13634
-1.13634
-1.13634
-1.13634
1.1944
0.569343
0.923181
0.923181
0.923181
0.923181
-0.252406
-0.252406
-0.252406
-1.79837
-1.6476
-1.6476
-0.760117
-0.760117
-0.760117
-0.137093
-0.137093
-1.09846
-1.77575
0.443831
-0.617527
0.869168
-0.928219
-0.545179
-0.545179
-1.19249
-1.19249
0.602277
-0.808592
-0.808592
0.41096
0.41096
0.41096
0.41096
0.41096
-1.14309
-1.14309
-0.314266
1.06605
1.04378
1.04378
1.04378
1.21334
-0.552739
1.21669
-1.21975
-1.19924
-1.19924
-0.927779
0.240303
-1.49129
-1.49129
0.413578
0.413578
0.413578
1.01692
1.01692
-0.972284
1.02398
0.673239
0.391817
-0.513173
-0.513173
-0.513173
-1.07174
-1.02587
-1.02587
0.559123
0.559123
0.416292
0.416292
1.07474
1.07474
1.07474
1.07474
1.07474
-0.00586834
1.93999
1.93999
1.93999
1.76367
0.543238
0.543238
0.543238
0.543238
0.37416
0.37416
0.37416
0.37416
0.37416
-1.13083
-1.13083
1.04154
-0.117811
-1.25344
-1.25344
-1.25344
-1.25344
-1.443
-1.18899
-0.978776
0.103721
0.103721
-0.569741
-0.569741
-1.0157
-1.0157
0.980708
-1.18136
-1.18136
-1.18136
-1.18136
0.177004
1.32227
0.811308
-0.91568
-0.91568
-0.919753
-0.919753
-0.919753
-0.919753
-1.39156
0.887141
0.887141
0.0830094
0.195393
0.195393
0.195393
1.14532
0.358516
-0.159177
-1.06911
-0.309529
-0.309529
-0.309529
-0.211817
-0.211817
-2.03693
-0.537287
0.465664
-0.612383
1.04837
1.04837
1.04837
1.04837
1.04837
1.4531
-0.814518
0.507757
0.480824
0.480824
0.821536
0.821536
1.39208
1.39208
0.368151
-0.950086
-0.950086
-0.947446
-0.947446
-0.783121
-0.783121
-0.783121
-0.783121
-0.204569
0.807662
0.807662
0.807662
1.82423
1.41274
1.41274
-0.612624
-0.612624
-1.15148
0.317685
1.33312
-0.0892875
-0.0892875
-0.0892875
-0.328041
-1.25618
0.129779
0.129779
0.129779
-1.00422
-0.0156786
0.799499
0.799499
-0.90347
-0.90347
-0.90347
1.18549
-1.30551
-1.30551
0.516849
-0.727058
-0.727058
-0.87598
-0.285499
-1.49199
-1.49199
-1.30613
0.22151
-0.904109
-0.904109
-0.647913
-0.647913
1.21999
1.21999
0.210454
0.0687281
0.0687281
0.0136961
0.0136961
-1.32068
-0.191625
0.894466
1.59443
1.06459
1.06459
-0.825523
1.00479
1.00479
1.00479
1.00479
0.941967
0.941967
0.941967
-0.89069
0.362758
0.362758
0.362758
0.511246
-0.20565
-1.5378
-1.5378
-1.5378
-1.5378
0.437235
-0.650915
-0.650915
-0.650915
-0.650915
-0.650915
-0.650915
-0.650915
0.473602
0.898636
0.597896
-1.67364
-1.67364
-1.67364
-0.956911
-0.956911
-1.14409
-1.14409
-1.29269
-1.29269
-0.15676
-0.15676
-0.15676
-0.15676
-0.15676
-0.71367
-1.03789
0.32009
0.32009
-0.227851
1.10493
-1.01155
-0.549942
1.5835
1.10642
1.10642
1.10642
1.10642
-0.367355
-0.367355
-1.57987
-1.78951
-1.78951
-1.78951
-0.159
-0.159
-1.28989
0.834378
0.834378
1.9382
1.9382
2.01897
2.01897
1.1793
1.1793
1.1793
-0.0173046
0.109781
0.109781
0.895888
-1.30203
1.01138
1.01138
1.01138
1.01138
-0.262931
-0.262931
-0.262931
-1.7038
-0.353634
-0.353634
-0.353634
-0.127139
1.49381
1.49381
1.2726
1.6822
1.6822
1.6822
1.6822
-0.335291
0.763131
-1.38455
-2.10298
-2.10298
-1.93822
-2.02845
-1.10499
-1.10499
-0.153413
-0.153413
-1.07612
0.603332
-1.01685
1.044
-1.26694
-1.26694
0.464099
0.464099
-1.13301
0.508152
0.252156
-0.288319
-0.0252387
0.755373
0.755373
1.01419
-1.23148
-1.23148
-1.23148
0.622642
0.797348
0.797348
0.797348
-0.400095
0.0435301
0.661239
0.661239
0.784616
-1.09872
0.856023
0.856023
0.856023
0.467922
-0.564375
-0.564375
-0.693792
-0.693792
-1.12632
-1.12632
0.793535
0.437079
0.437079
-0.653284
-0.321154
0.055583
0.055583
0.055583
0.055583
0.055583
-0.388479
-0.388479
1.21967
1.21967
1.21967
1.21967
0.81158
0.21922
-1.08047
-0.78807
-0.78807
-0.78807
-0.78807
-0.793579
0.818467
0.695614
-1.53586
-1.53586
-1.53586
0.840786
1.3504
-0.896284
0.283577
-0.270104
0.278912
0.278912
0.204231
0.204231
0.204231
0.0271253
-1.37438
-1.2294
-0.813294
-0.813294
-1.3089
0.635084
-1.06086
-0.53559
0.533975
0.533975
0.533975
1.03805
-1.00001
-1.00001
-0.442956
-0.986733
-0.986733
-0.986733
-0.554347
0.534043
0.534043
0.534043
0.534043
-0.580544
-0.580544
-0.580544
0.0291588
0.0291588
0.0291588
0.0291588
-1.05572
0.820326
0.820326
0.820326
0.820326
-0.389303
0.585135
0.585135
1.55982
-0.245679
0.172122
0.0426931
-1.17591
1.30003
1.30003
-1.05987
-0.502042
-0.502042
-0.502042
0.498703
-1.28458
0.354019
0.354019
1.1241
1.1241
1.1241
1.1241
-0.686502
-0.686502
-1.39644
-0.442881
-0.442881
0.693573
0.273202
0.297819
-0.987984
0.895279
0.895279
0.761979
0.667032
0.667032
-1.41746
-1.41746
0.983654
0.453703
1.10499
-0.806383
-0.806383
-0.0677763
1.88159
1.88159
1.88159
0.325728
1.1537
1.1537
1.1537
-0.822369
-0.822369
-0.822369
-0.822369
-0.639911
1.43138
1.43138
1.43138
1.43138
1.43138
1.43138
1.43138
1.43138
1.43138
0.0048044
-0.732928
-0.732928
-0.732928
1.27462
-0.705847
-0.705847
-0.705847
-0.497938
-0.497938
-0.645478
-0.0328905
-0.0328905
-0.0328905
-0.87224
-1.14974
-1.14974
-1.14974
-1.14974
-1.37887
0.0677311
-1.87508
-0.885675
-0.885675
0.600489
1.6266
1.40568
1.40568
-1.06786
-1.06786
-1.18622
-1.18622
-0.528599
-0.924601
-0.924601
-0.646854
-0.787526
0.797207
0.797207
0.281764
-0.785121
-0.785121
-0.993505
0.35906
-1.11112
-1.11112
0.182707
0.182707
0.182707
0.182707
0.0459932
-0.805397
-0.805397
-0.805397
0.834137
1.22152
1.28474
1.28474
1.28474
1.28474
1.28474
-0.217145
-0.217145
0.800505
0.800505
0.81678
0.81678
0.81678
0.81678
0.660018
0.39923
0.517441
0.517441
0.517441
0.517441
-1.02933
1.22475
1.22475
-0.464205
-0.464205
-0.66405
-0.66405
0.653921
0.653921
0.653921
-0.341157
0.938252
-0.992318
1.44725
1.44725
0.425067
0.389231
0.389231
1.56408
1.56408
1.56408
-0.109905
1.11261
1.11261
1.11261
0.150363
-0.559101
-0.559101
0.50788
0.50788
-0.969222
-0.734492
-0.734492
-0.734492
-0.734492
-0.734492
0.3664
-0.640635
0.0738171
0.0738171
0.404168
-1.29355
-1.29355
-1.29355
0.637878
-0.594829
-0.594829
-0.594829
-1.14491
-0.204351
1.031
1.031
1.031
1.031
1.031
1.031
1.031
1.24463
1.24463
1.24463
1.24463
1.65887
1.00238
1.00238
0.486606
0.486606
0.486606
-0.498182
-0.181368
1.01839
1.01839
1.01839
1.01839
-1.24257
-1.24257
0.202378
1.21824
1.21824
1.21824
0.774148
0.774148
0.774148
0.774148
-0.270529
-0.270529
-0.270529
0.869899
-0.138641
-1.15047
0.127195
1.2734
1.2734
0.439034
0.946379
0.946379
-0.178082
0.218918
0.218918
-0.693865
-1.4342
-1.4342
-0.704913
1.34497
0.483145
0.483145
0.290297
0.290297
-0.0160684
-0.0160684
-0.0353921
-0.0353921
-1.22229
1.27457
1.27457
1.27457
-0.416818
-0.416818
-1.02091
-1.02091
-1.1249
-1.1249
-1.1249
-0.0826325
-0.370987
-0.087115
-0.377543
-0.133651
-0.133651
-0.133651
0.735941
0.735941
0.735941
0.735941
0.735941
0.314611
0.514786
1.21512
1.21512
1.21512
-0.84035
-0.84035
-0.84035
-0.575441
0.346967
-0.348457
-0.855814
-0.516865
0.0734436
0.0734436
0.0734436
-1.42838
-1.42838
-0.041254
1.11241
1.43759
-0.470032
-0.470032
-1.17299
-0.0682933
0.804779
0.804779
0.804779
-1.16752
-1.16752
-1.16752
0.108612
0.108612
1.03466
0.949756
-1.36542
-1.36542
0.107877
-0.907787
1.42166
1.42166
1.42166
1.42166
1.42166
-0.50662
-0.50662
-0.50662
-1.88383
-0.382014
0.235133
0.235133
-1.16001
-1.16001
0.462068
1.02832
1.02832
1.31296
0.921149
0.0435757
-0.160168
-0.160168
0.871967
-0.581063
-0.754711
-0.754711
0.644618
0.644618
0.646995
-0.708256
-0.708256
-0.708256
1.21031
1.21031
1.21031
-0.820372
-0.374721
0.102008
0.102008
0.102008
-1.51609
0.243225
0.243225
-0.772149
-0.772149
-0.772149
0.711115
0.711115
-1.23944
-1.23944
-1.23944
-1.23944
-1.02961
-1.02961
-0.140893
-0.140893
0.878117
-0.235106
0.850245
0.850245
0.946407
-0.488208
-0.488208
-0.488208
0.144701
0.183306
0.252695
0.252695
0.0647658
0.0647658
0.210212
0.210212
0.210212
0.533171
0.533171
0.533171
0.634011
-0.823206
-0.823206
-0.823206
-1.73348
-1.73348
-0.707838
-0.707838
0.989495
-0.660607
-0.660607
-0.91728
-2.07732
-2.07732
-2.07732
-0.575669
0.89381
-0.351206
0.213183
-0.731643
-0.731643
-0.731643
-0.731643
-0.731643
-0.731643
-0.731643
-0.731643
1.09992
0.982424
1.25546
0.714415
0.714415
0.714415
1.1652
1.1652
-0.232852
0.536969
-1.00668
0.699963
0.699963
-0.465782
-1.59222
-1.59222
0.824097
0.824097
0.824097
-0.235525
-0.235525
-0.235525
-0.235525
-0.26737
-0.029417
-0.0632963
-0.0632963
-1.35678
-0.91713
-0.91713
0.942593
-0.714784
0.376093
1.57358
0.215238
0.215238
-0.590898
-0.590898
-0.261835
-0.261835
-0.261835
-0.261835
-0.276561
-0.276561
1.08981
-1.29067
1.01012
1.01012
-0.468744
-0.950279
0.612824
1.42337
1.42337
1.42337
1.42337
1.42337
1.42337
1.42337
-0.116997
-0.116997
-0.116997
0.688539
0.688539
-0.493843
-0.493843
-1.81688
-0.980253
-0.255975
1.04038
1.04038
0.576076
-1.51241
-1.51241
-1.51241
-0.491591
-1.31114
1.07342
1.07342
1.07342
1.07342
1.07342
1.07342
-0.281244
-0.281244
1.08548
1.08548
1.08548
-0.807081
-0.807081
-1.08471
0.455163
0.455163
-1.23353
-0.670322
-0.670322
-1.16462
0.591456
0.591456
-1.84333
-0.650348
-0.650348
0.954712
0.954712
0.954712
0.954712
0.954712
0.954712
0.954712
0.123215
1.50798
-0.916792
-0.916792
-0.916792
-0.916792
1.36857
1.36857
1.0477
1.0477
1.0477
1.0477
1.0477
1.0477
-0.959918
-0.502574
-0.502574
-0.502574
-0.502574
-0.502574
0.662483
-0.417051
-1.15904
0.646249
0.646249
0.861485
0.861485
-0.966899
-0.563275
-0.852221
-0.852221
-0.440716
-0.440716
-0.440716
-0.440716
-1.43199
-1.43199
-1.43199
-1.43199
-1.47592
-0.958607
-0.958607
-0.958607
-0.958607
-0.958607
-0.958607
0.902746
-0.153004
-1.03442
-1.03442
-1.03442
-1.03442
0.246511
-0.926235
-0.926235
-0.926235
-0.926235
-1.00846
-1.00846
-1.00846
-1.66474
0.0751581
0.0751581
-0.152034
-0.152034
-1.49922
-1.49922
0.781266
1.01742
0.0317384
-0.628117
-0.628117
-0.628117
-0.759152
-0.759152
-0.759152
-0.759152
-1.36687
-1.36687
0.413522
0.413522
-0.484598
-0.31536
-0.675006
-0.675006
-0.675006
1.24323
1.24323
1.24323
1.24323
1.24323
-0.754179
1.25195
1.25195
1.64955
-0.0968957
-0.0968957
1.14942
-0.095784
-0.296369
-0.296369
-0.395935
-0.395935
-0.395935
-0.395935
-0.395935
-0.395935
-0.395935
-0.395935
-1.35263
-1.35263
0.509133
0.509133
-0.26825
-0.26825
1.27736
1.15526
1.15526
1.15526
0.802665
1.0415
0.294462
-0.794679
-0.794679
-1.49566
-1.49566
-0.16159
0.217541
0.217541
1.20119
0.40778
-0.407123
-0.293625
1.05804
-0.25324
0.0368762
0.0368762
0.924129
0.924129
0.924129
0.924129
0.924129
-0.820495
-0.820495
-0.820495
-0.820495
-1.63031
-1.0323
-1.0323
-0.745523
-0.745523
0.925526
-0.679841
-0.847791
0.572082
0.572082
0.0279048
0.0279048
0.818847
-0.894396
-0.894396
0.238205
-1.11727
1.1691
0.86034
-0.619002
-0.619002
-0.491421
-1.53924
0.0024161
0.737727
0.737727
0.737727
0.737727
1.44018
1.44018
1.44018
1.44018
1.44018
1.44018
1.44018
0.739571
1.03058
-1.30937
-1.21823
-1.21823
1.03975
1.03975
1.03975
-1.0414
-1.00969
-0.563541
-0.563541
-0.663494
-1.64446
-1.80496
-1.80496
-1.28604
-1.68618
-1.31782
-1.31782
-1.30873
0.797055
0.797055
0.797055
0.797055
0.797055
0.797055
0.797055
0.797055
0.567667
0.707145
-0.0387807
-0.0387807
-0.0387807
0.0919234
0.580451
1.04623
-1.26482
-1.26482
-0.863196
-0.863196
-0.863196
-0.863196
-0.863196
-0.863196
-1.06762
-1.06762
-1.25982
0.533947
0.712302
0.712302
0.712302
0.223207
-0.942246
0.479935
0.706391
0.706391
0.706391
0.706391
0.706391
0.542816
-1.38894
-1.03202
-1.03202
-0.711309
-0.711309
-0.721411
-0.891608
-0.891608
-0.891608
-0.891608
0.862822
0.64741
0.64741
0.64741
0.64741
0.64741
0.838464
1.97135
-0.166428
0.838851
0.838851
-0.92681
0.722879
-0.783932
-0.573031
-0.573031
-0.886113
0.727085
0.727085
0.87095
0.87095
0.87095
0.214348
1.70906
-0.554906
-0.554906
-0.00326074
0.877598
0.877598
0.877598
0.877598
0.877598
0.877598
0.877598
-0.950354
-0.695801
-0.695801
0.101008
-0.988927
-0.988927
0.38212
0.38212
0.38212
0.38212
0.38212
0.38212
-0.375037
-0.236349
-0.236349
-0.236349
-0.236349
-0.236349
1.19019
0.130841
0.130841
-0.134378
-0.134378
-0.134378
-0.134378
0.894452
-0.519986
-0.519986
0.0377453
-0.705725
-0.705725
-0.705725
-0.705725
-0.705725
1.31147
-0.919102
0.462165
0.462165
-1.21834
-1.51424
-1.51424
-1.51424
0.368888
0.368888
0.368888
0.368888
0.388858
-0.666192
-1.51657
-1.51657
-1.51657
-1.51657
-1.51657
-0.0956511
1.40479
1.40479
1.40479
-1.00843
-1.00843
-1.00843
1.19328
1.2331
0.00519402
-0.339155
-1.05022
-1.05022
-0.0465086
1.31546
0.809159
0.0164868
-0.230596
-0.230596
-0.230596
-0.230596
0.14234
1.40042
-0.532729
-0.532729
-0.532729
0.482888
-0.616508
-0.616508
-0.616508
-1.01143
-1.28408
-1.28408
-1.28408
-1.23039
0.237351
-1.28153
-1.28153
-1.28153
-0.0846551
-1.00967
-1.00967
-0.431491
-0.431491
-0.431491
-0.180731
0.963559
-0.203329
-0.203329
-0.221473
-0.24605
1.57518
0.714212
-0.971518
-0.348089
1.62217
0.496584
0.0867767
0.541325
-0.627277
-0.700414
-0.177106
-0.182964
1.14186
0.40687
0.40687
-0.822351
-0.822351
0.93503
0.93503
0.93503
0.93503
0.93503
0.93503
-1.31749
-1.19815
-1.33806
-1.33806
0.863456
-0.718256
-0.718256
-0.718256
-0.718256
-1.21511
0.0809883
0.0809883
-1.34262
1.13199
1.0311
1.0311
1.0311
0.882689
0.882689
-0.400475
-0.693482
-0.693482
-1.09982
-1.09982
-1.09982
-1.07813
-1.07813
-0.406478
1.29504
1.29504
-0.45112
-0.382956
-1.50898
-0.343668
-1.6667
-1.6667
-1.6667
-1.6667
-0.628967
-0.628967
0.0794951
0.0794951
-0.0804884
-0.0804884
0.934413
-1.21435
-1.21435
0.919337
0.919337
0.919337
-1.01095
1.10037
-0.81778
-0.81778
0.208362
-0.119282
-0.478678
-0.282091
-0.282091
-1.45994
-0.410609
-0.410609
-0.410609
1.35282
1.35282
1.35282
0.704952
0.704952
0.704952
0.704952
0.704952
0.536604
1.52737
1.52737
1.52737
1.52737
-0.709818
-0.709818
-0.709818
0.44833
0.44833
0.44833
-0.614845
1.61181
0.495132
0.495132
-0.166288
-1.01432
-1.01432
0.781886
0.161663
0.161663
0.161663
-0.37195
1.17996
1.43908
1.43908
1.22367
-0.457236
-0.457236
0.373815
0.168492
0.116839
0.946423
1.33053
1.33053
1.33053
-0.571473
1.81283
1.66397
-0.638404
-0.875994
-0.9302
1.2496
-0.397077
-0.397077
-0.397077
0.584594
-0.997236
-0.747805
-1.18415
1.28075
1.28075
1.28075
0.699464
0.699464
0.879826
0.879826
0.879826
-0.550964
-1.27935
-1.27935
-1.27935
-1.29638
0.939864
-0.728821
-0.728821
-0.728821
-0.728821
-0.458031
-0.959671
0.43597
0.43597
1.18808
1.18808
1.18808
1.18808
-1.14609
-1.14609
-1.14609
0.0252952
-0.29384
-1.39896
0.876456
0.876456
1.14818
1.14818
1.14818
1.14818
1.14818
1.14818
0.104061
0.104061
-1.01991
-1.01991
-1.01991
-1.01991
-0.474743
0.662676
0.662676
0.662676
0.662676
0.255914
0.255914
0.538551
0.538551
1.62146
1.62146
1.62146
1.62146
-0.510832
-0.510832
-0.510832
1.06224
-0.464462
-0.464462
-0.464462
-0.464462
-0.464462
-0.464462
-0.530886
-1.24569
0.877401
0.877401
-1.08878
1.05662
1.05662
1.05662
-0.680757
-0.300562
-0.300562
-0.819007
-0.819007
-0.819007
0.52188
0.136389
-1.11559
-1.11559
-1.11559
-1.11559
-1.22281
-1.22281
-0.042629
-0.042629
-0.042629
-1.124
0.593991
0.593991
0.536597
0.536597
-1.54862
0.820351
0.820351
0.820351
0.820351
-0.257791
0.260775
-1.01755
-1.01755
-1.01755
-1.01755
-1.01755
-1.01755
-1.26265
-1.26265
-1.26265
0.14877
0.51665
-1.26209
-1.28445
-0.450627
-0.450627
-1.79834
-1.79834
-1.79834
-0.0297651
-0.130783
-0.130783
-0.0955629
-0.983939
-0.692483
1.03269
1.03269
1.03269
-0.0640682
2.06851
0.650983
0.650983
-0.0685924
-0.0685924
-0.21899
0.0563043
-0.754116
1.03006
1.03006
1.03006
1.03006
-1.12896
0.658612
-0.388033
-0.388033
-1.24541
-1.24541
1.22886
1.22886
1.22886
0.16416
0.64103
-0.774829
-0.774829
-0.774829
-0.774829
-0.440792
-0.440792
-0.440792
-0.493117
-0.493117
-0.493117
-0.493117
1.29425
1.41917
-0.937744
0.319216
0.319216
0.77426
0.77426
0.77426
0.140795
-0.441048
-0.441048
-0.861923
-0.00927767
-0.00927767
-0.00927767
0.234457
-0.154812
0.382091
-0.450809
-0.450809
-0.450809
-0.450809
-0.450809
0.259073
-1.34954
-1.34954
-1.34954
-1.34954
-1.34954
-1.34954
0.161086
0.526975
-0.9188
0.0232749
0.0232749
0.0232749
1.19305
0.959773
0.959773
-1.35263
-1.35263
0.16062
0.0759533
-0.586637
-0.2619
-0.379446
-0.379446
-0.379446
-0.634654
-0.634654
-1.4074
-1.4074
-1.4074
-1.4074
-1.4074
-1.4074
-1.4074
-0.982992
-1.50667
-0.306703
-0.306703
-0.306703
-0.306703
-0.306703
-0.306703
0.120333
1.5517
-0.686111
-0.686111
-1.2985
-0.717032
0.622089
0.622089
-0.780934
-1.05215
-1.05215
-1.05215
-1.05215
-1.05215
-0.594822
-0.594822
0.831001
1.16655
1.16655
0.914157
0.914157
0.914157
-0.270784
-0.270784
-0.186213
0.147102
0.147102
0.273476
-1.455
-1.23843
1.16422
0.361056
-0.338094
-0.74404
-0.74404
-0.92016
-0.92016
-0.92016
-0.92016
0.423326
1.51482
1.51482
1.51482
1.59243
1.59243
-0.235238
-0.235238
-1.28447
-0.551191
1.1492
-0.626866
-0.626866
-0.743207
-1.87888
0.147749
-1.21507
-1.36044
-1.36044
0.565218
0.565218
0.565218
0.565218
0.565218
-1.11255
-1.11255
-1.11255
-1.11255
-0.650275
-0.416582
-0.416582
-0.416582
-0.416582
-0.649017
-0.925048
0.227079
0.227079
0.729409
0.729409
0.729409
0.673304
-1.07723
-1.07723
0.193068
1.18772
1.18772
-0.345082
-0.345082
-0.867035
-0.867035
-0.867035
0.581003
0.581003
0.581003
-0.54238
-0.742661
-0.742661
-0.742661
-0.742661
-0.677487
-0.255449
-1.17125
0.00361391
-1.16517
-0.0422649
-1.20197
0.239622
-0.63361
0.926237
0.926237
-0.856846
0.0177029
0.392394
-0.288163
-0.909463
-1.27207
-1.27207
-1.27207
-0.0306955
-0.65939
-1.16716
-1.16716
0.408916
0.960367
2.07444
2.07444
2.14498
1.89914
1.47382
1.47382
0.536275
1.09363
1.09363
1.40458
-0.952049
-0.952049
0.656709
0.656709
-0.286585
