0 nan nan
1 0.973008 1.53435
2 -0.00208102 1.42241
3 -0.706881 1.43725
4 0.900826 0.97732
5 -1.32965 0.838818
6 -0.404645 1.06251
7 0.479318 0.832341
8 -1.04761 0.766685
9 -0.585324 0.793821
10 0.791756 0.677157
11 -0.0383856 0.675858
12 0.997507 0.567664
13 -0.867431 0.722743
14 -0.29342 0.690281
15 -1.01297 0.507447
16 -1.14081 0.677726
17 0.3437 0.574204
18 -0.0192706 0.572918
19 0.772923 0.650057
20 0.100589 0.588557
21 0.858354 0.372739
22 -0.0874688 0.555235
23 -0.0095002 0.461008
24 -0.742647 0.390557
25 -0.022003 0.377793
26 0.210224 0.563415
27 0.550658 0.571827
28 -0.385704 0.609401
29 -0.00087993 0.332726
30 0.331638 0.480365
31 0.917968 0.435502
32 0.38887 0.287043
33 -0.110809 0.440198
34 -0.496112 0.412927
35 -0.274028 0.443622
36 0.346171 0.356708
37 -0.583893 0.378527
38 1.03637 0.352942
39 -0.383463 0.308813
40 -0.17734 0.36638
41 0.157505 0.372205
42 0.32268 0.298882
43 0.26972 0.333549
44 0.35986 0.490264
45 -0.0416248 0.327533
46 0.536095 0.284292
47 -0.237237 0.348166
48 0.560204 0.363862
49 -0.117617 0.198149
50 0.65188 0.307437
51 -0.267538 0.362317
52 -0.775981 0.265097
53 0.315311 0.435991
54 -0.240979 0.261102
55 0.0264795 0.32837
56 -0.0871886 0.247564
57 0.141156 0.243288
58 0.37903 0.297302
59 -0.274382 0.29841
60 0.116185 0.400196
61 0.376277 0.294618
62 0.41039 0.260986
63 -0.0883174 0.255978
64 -0.110096 0.285597
65 0.787092 0.309966
66 0.132855 0.290246
67 0.328198 0.355642
68 0.640767 0.342256
69 0.674138 0.281897
70 0.186931 0.267691
71 0.0539269 0.254457
72 0.322459 0.244321
73 0.47784 0.277219
74 0.268205 0.266304
75 0.0894945 0.217877
76 0.0948191 0.211354
77 -0.0290077 0.289041
78 0.188471 0.335195
79 0.230722 0.225731
80 0.43443 0.243911
81 0.457414 0.119083
82 0.327514 0.315081
83 0.158871 0.263828
84 0.188136 0.16203
85 0.187094 0.319392
86 0.232148 0.267827
87 0.23249 0.20577
88 -0.173772 0.246612
89 0.167393 0.222767
90 0.254391 0.259436
91 -0.139332 0.269254
92 0.364462 0.294717
93 0.319419 0.257672
94 0.382964 0.223431
95 -0.0917466 0.270741
96 0.478545 0.286315
97 0.431032 0.265036
98 0.387208 0.269269
99 0.139017 0.227528
100 0.445228 0.206741
101 0.274575 0.328919
102 0.0168942 0.288169
103 0.489959 0.207008
104 0.295633 0.24962
105 0.349651 0.26033
106 0.224255 0.254275
107 0.539125 0.214643
108 0.287271 0.277005
109 0.531257 0.290172
110 0.11831 0.195469
111 -0.185952 0.259836
112 0.188791 0.286604
113 0.569399 0.212811
114 0.574537 0.24024
115 0.365758 0.276368
116 0.506261 0.370678
117 0.246911 0.265953
118 0.29673 0.330175
119 0.751497 0.29426
120 0.822904 0.212395
121 0.288983 0.217152
122 0.0741378 0.204944
123 0.401218 0.265814
124 0.433115 0.164463
125 0.184276 0.222158
126 0.923653 0.258314
127 -0.113351 0.209612
128 0.0714711 0.195897
129 0.640831 0.248195
130 0.315737 0.24458
131 0.0596135 0.225959
132 0.506524 0.245498
133 0.270438 0.203068
134 0.516102 0.241792
135 0.779109 0.250755
136 0.517405 0.195222
137 0.143852 0.205898
138 0.214803 0.225586
139 0.0289582 0.228744
140 0.385736 0.28516
141 -0.157863 0.232108
142 0.354104 0.226113
143 -0.399323 0.286317
144 0.436735 0.211597
145 0.102243 0.23132
146 -0.0545269 0.245109
147 0.588125 0.251202
148 0.314884 0.255496
149 0.368635 0.274198
150 0.191556 0.2891
151 0.0248077 0.190091
152 0.0565577 0.202041
153 0.305684 0.216683
154 0.289564 0.201352
155 0.568084 0.278304
156 0.00247141 0.243447
157 0.22929 0.240855
158 0.126085 0.208278
159 0.378402 0.179976
160 0.289795 0.201748
161 0.0885523 0.289634
162 0.194464 0.24005
163 -0.0117347 0.298587
164 0.237443 0.291118
165 -0.0536599 0.279667
166 0.222257 0.229909
167 -0.116058 0.191388
168 0.293298 0.279635
169 0.0720293 0.206795
170 0.305433 0.204646
171 0.0762465 0.199965
172 0.184086 0.239345
173 0.428548 0.232766
174 0.191822 0.238448
175 0.129454 0.252002
176 0.184506 0.341912
177 0.163736 0.195121
178 0.563206 0.271333
179 -0.156931 0.254192
180 0.574063 0.251572
181 0.28049 0.245319
182 0.475681 0.347423
183 0.210714 0.229498
184 0.0449138 0.335124
185 0.889739 0.247724
186 0.36106 0.278562
187 0.121918 0.226802
188 0.280663 0.22946
189 0.279429 0.242498
190 0.411084 0.173445
191 0.0297854 0.232066
192 0.535298 0.21285
193 0.479813 0.242189
194 0.164049 0.244998
195 0.433331 0.260683
196 -0.364273 0.237071
197 0.264037 0.302111
198 0.567867 0.277823
199 0.307043 0.284391
200 -0.00648636 0.223039
201 0.11401 0.343435
202 0.464427 0.359471
203 0.980999 0.261553
204 0.234997 0.227899
205 0.361548 0.228771
206 -0.0331727 0.200741
207 0.0687175 0.305993
208 0.0613198 0.253798
209 0.485084 0.3186
210 0.131645 0.239836
211 0.319936 0.213116
212 0.19732 0.261485
213 0.205765 0.254802
214 0.443988 0.284889
215 0.459067 0.293188
216 0.663437 0.346705
217 1.08549 0.219489
218 0.4136 0.440036
219 0.410519 0.262436
220 0.202719 0.252766
221 0.498984 0.284601
222 0.090105 0.289219
223 0.582528 0.339973
224 0.313937 0.287522
225 0.106504 0.345682
226 0.14394 0.346733
227 0.044061 0.307936
228 0.0397273 0.29333
229 -0.290679 0.239282
230 0.49782 0.314686
231 -0.161163 0.16764
232 0.358982 0.208506
233 0.366614 0.27953
234 0.585119 0.295046
235 0.311798 0.298375
236 0.408282 0.337651
237 0.674824 0.2994
238 0.754664 0.310614
239 0.387604 0.342216
240 -0.420543 0.353533
241 0.33164 0.288028
242 0.0623519 0.399517
243 0.197093 0.347015
244 0.356529 0.291872
245 -0.0672795 0.261119
246 0.429133 0.376043
247 -0.423279 0.272143
248 0.0275458 0.318359
249 -0.428374 0.281156
250 0.135929 0.323251
251 0.402567 0.279274
252 0.302707 0.285356
253 0.701771 0.392489
254 -0.189773 0.32501
255 -0.323554 0.3332
256 0.528399 0.371596
257 -0.0800514 0.399108
258 0.0845262 0.416248
259 0.0696832 0.44414
260 -0.166122 0.469889
261 -0.11852 0.34768
262 -0.196802 0.423175
263 0.69176 0.306033
264 0.742399 0.373207
265 0.600365 0.387139
266 -0.499149 0.350107
267 -0.281741 0.369728
268 -0.770045 0.315015
269 0.806224 0.457745
270 -0.271128 0.493316
271 0.524811 0.555549
272 -0.0955614 0.385238
273 -0.685288 0.471592
274 0.415098 0.446646
275 0.818172 0.328083
276 0.948545 0.534998
277 0.064882 0.58863
278 -0.470463 0.555213
279 0.0609565 0.439142
280 -0.212077 0.540034
281 0.376375 0.527753
282 -0.188418 0.479606
283 -0.477404 0.562329
284 -0.727135 0.639679
285 -1.22838 0.639069
286 0.38725 0.583852
287 -0.696246 0.609248
288 0.155288 0.87714
289 -0.149458 0.770808
290 0.566919 0.621577
291 -0.836402 0.489922
292 -0.978077 1.1474
293 -0.624495 0.661549
294 -0.169688 0.846106
295 -0.836699 0.909999
296 0.966668 0.765772
297 -2.30642 1.60372
298 1.27686 1.55065
299 nan nan
