           1     7.42447     7.42447           0
           2     7.63668     7.53058    0.106108
           3     7.62642     7.56252   0.0690918
           4     7.63411     7.58042   0.0520296
           5     7.57984      7.5803   0.0403022
           6     7.58966     7.58186   0.0329435
           7     7.60346     7.58495   0.0280128
           8     7.51306     7.57596   0.0258705
           9     7.44739     7.56168   0.0269193
          10     7.64713     7.57022   0.0255488
          11     7.54257     7.56771   0.0232461
          12     7.61808      7.5719   0.0216319
          13     7.51511     7.56754   0.0203724
          14      7.6322     7.57215   0.0194184
          15     7.55765     7.57119   0.0181034
          16     7.64261     7.57565   0.0175126
          17     7.64497     7.57973   0.0169481
          18     7.59543      7.5806   0.0160026
          19     7.48199     7.57541   0.0160019
          20     7.54446     7.57386   0.0152595
          21     7.56825      7.5736   0.0145171
          22      7.5274      7.5715   0.0139999
          23     7.54692     7.57043   0.0134199
          24     7.53453     7.56893   0.0129354
          25     7.61602     7.57082   0.0125493
          26     7.65252     7.57396   0.0124598
          27     7.61494     7.57548   0.0120851
          28     7.58082     7.57567   0.0116471
          29     7.63402     7.57768    0.011417
          30      7.4833     7.57453   0.0114698
          31     7.54823     7.57368    0.011126
          32     7.47932     7.57074   0.0111691
          33     7.55766     7.57034   0.0108326
          34      7.6098      7.5715    0.010573
          35     7.62899     7.57314   0.0103971
          36     7.62569      7.5746    0.010209
          37     7.52587     7.57329   0.0100163
          38     7.73863     7.57764   0.0106761
          39      7.4944      7.5755   0.0106154
          40     7.60985     7.57636   0.0103822
          41     7.58321     7.57653   0.0101272
          42     7.58365      7.5767   0.0098846
          43     7.73154      7.5803   0.0103018
          44     7.59411     7.58061   0.0100699
          45     7.52263     7.57932  0.00992752
          46     7.55873     7.57888  0.00971962
          47     7.59198     7.57916  0.00951466
          48     7.65027     7.58064  0.00943142
          49     7.55747     7.58016  0.00924902
          50     7.70703      7.5827  0.00941067
          51     7.51744     7.58142  0.00931263
          52     7.67905      7.5833  0.00932278
          53     7.64925     7.58454  0.00922944
          54     7.71037     7.58687  0.00935187
          55     7.48576     7.58504  0.00936254
          56       7.709     7.58725  0.00945659
          57     7.49482     7.58563  0.00942967
          58      7.4817     7.58384  0.00943733
          59     7.58945     7.58393  0.00927649
          60     7.51556     7.58279  0.00919147
          61     7.58343      7.5828  0.00903954
          62     7.48303     7.58119  0.00903696
          63     7.66042     7.58245  0.00898084
          64     7.59007     7.58257   0.0088402
          65     7.56255     7.58226  0.00870858
          66     7.48891     7.58085  0.00869149
          67     7.57687     7.58079  0.00856099
          68      7.6013     7.58109  0.00843954
          69     7.64156     7.58197  0.00836238
          70     7.58875     7.58206  0.00824263
          71     7.53178     7.58135  0.00815651
          72     7.64381     7.58222  0.00808908
          73     7.59274     7.58237   0.0079788
          74     7.53466     7.58172   0.0078966
          75     7.55852     7.58141  0.00779674
          76      7.7231     7.58328  0.00791613
          77     7.49156     7.58208  0.00790292
          78     7.68796     7.58344  0.00791815
          79     7.64094     7.58417  0.00785108
          80     7.53991     7.58362  0.00777204
          81     7.53935     7.58307  0.00769492
          82     7.66485     7.58407  0.00766566
          83     7.61344     7.58442    0.007581
          84     7.61668     7.58481  0.00750005
          85     7.54561     7.58434  0.00742561
          86     7.71943     7.58592  0.00750497
          87     7.55703     7.58558  0.00742563
          88     7.66321     7.58647  0.00739357
          89     7.59255     7.58653  0.00731035
          90     7.62002     7.58691  0.00723823
          91     7.54984      7.5865  0.00716983
          92     7.60338     7.58668  0.00709385
          93     7.56495     7.58645  0.00702104
          94     7.66281     7.58726  0.00699329
          95      7.6553     7.58798  0.00695625
          96     7.49574     7.58702  0.00695014
          97     7.58373     7.58698   0.0068782
          98     7.51519     7.58625  0.00684695
          99     7.48603     7.58524  0.00685261
         100     7.71162      7.5865  0.00690047
