0 nan
1 0
1.40862 0.046427
1.73718 0.0548591
1.9956 0.0585417
2.22392 0.0640592
2.45084 0.0682282
2.66983 0.0666371
2.82836 0.069698
3.00303 0.0790779
3.16307 0.0796914
3.3108 0.082442
3.47879 0.0863827
3.62273 0.0807975
3.73682 0.0824143
3.86978 0.0870441
3.98989 0.0898706
4.11133 0.0924933
4.25422 0.089888
4.37207 0.095409
4.46473 0.0978887
4.57633 0.0934926
4.6666 0.0963223
4.79039 0.0995447
4.86738 0.101228
5.00228 0.0994068
5.10602 0.105308
5.16012 0.098584
5.24526 0.103484
5.39353 0.105563
5.47925 0.102842
5.5325 0.10857
5.64691 0.107402
5.70672 0.115068
5.8174 0.11344
5.92503 0.106435
5.99231 0.114042
6.10144 0.111352
6.14666 0.108794
6.23517 0.109012
6.30839 0.115638
6.40259 0.114005
6.47751 0.113548
6.57264 0.118071
6.65267 0.126475
6.6994 0.121721
6.76408 0.112614
6.82925 0.115362
6.93281 0.121485
7.01517 0.120326
7.04873 0.119814
7.08714 0.117332
7.20253 0.130067
7.25457 0.119357
7.35184 0.126839
7.40588 0.125473
7.4964 0.130164
7.53607 0.121985
7.61077 0.123219
7.70451 0.13162
7.76961 0.12119
7.8446 0.119415
7.89045 0.129821
7.92355 0.125304
7.98963 0.122881
8.08556 0.129313
8.12091 0.131641
8.17163 0.131075
8.24639 0.12874
8.34324 0.128586
8.38023 0.127884
8.41174 0.123435
8.49989 0.130325
8.50875 0.134355
8.56772 0.13071
8.67616 0.137955
8.73638 0.12689
8.75323 0.135947
8.85269 0.134971
8.85802 0.13527
8.91341 0.130194
8.93158 0.133598
9.0153 0.143534
9.07814 0.130754
9.12992 0.139808
9.20441 0.133827
9.29768 0.147965
9.33877 0.135255
9.36532 0.133798
9.3855 0.14587
9.47153 0.138256
9.60166 0.128746
9.57813 0.137767
9.60833 0.133637
9.71047 0.143437
9.7411 0.144452
9.76084 0.142231
9.79669 0.137611
9.89432 0.142452
9.93336 0.144769
