           1    0.048895    0.048895           0
           2   0.0489355   0.0489153 2.02662e-05
           3    0.048261   0.0486972 0.000218408
           4   0.0490432   0.0487837 0.000177013
           5   0.0486139   0.0487497 0.000141254
           6   0.0489167   0.0487776 0.000118643
           7   0.0491116   0.0488253 0.000111049
           8   0.0486865   0.0488079 9.77236e-05
           9   0.0486559    0.048791 8.78229e-05
          10   0.0492081   0.0488327 8.89369e-05
          11   0.0487834   0.0488283 8.05717e-05
          12   0.0490468   0.0488465 7.57729e-05
          13   0.0484606   0.0488168 7.57588e-05
          14   0.0490867   0.0488361 7.27402e-05
          15   0.0495417   0.0488831 8.24537e-05
          16   0.0485006   0.0488592 8.07487e-05
          17   0.0493434   0.0488877 8.10208e-05
          18   0.0479996   0.0488383 9.09351e-05
          19   0.0491886   0.0488568 8.79689e-05
          20   0.0499706   0.0489125 0.000100329
          21   0.0489331   0.0489134 9.54371e-05
          22   0.0491603   0.0489247 9.16851e-05
          23   0.0492134   0.0489372 8.85033e-05
          24   0.0488122    0.048932 8.48955e-05
          25   0.0494502   0.0489527 8.40254e-05
          26   0.0483792   0.0489307 8.36883e-05
          27   0.0488402   0.0489273 8.05988e-05
          28   0.0483791   0.0489077 8.00965e-05
          29   0.0494763   0.0489274 7.97327e-05
          30   0.0498267   0.0489573 8.26573e-05
          31   0.0485357   0.0489437 8.10953e-05
          32   0.0486852   0.0489357 7.89347e-05
          33   0.0494713   0.0489519  7.8208e-05
          34    0.049404   0.0489652 7.70296e-05
          35   0.0496814   0.0489856 7.75453e-05
          36   0.0492124   0.0489919 7.56232e-05
          37   0.0493664   0.0490021 7.42441e-05
          38   0.0490399   0.0490031 7.22708e-05
          39   0.0483328   0.0489859 7.24607e-05
          40   0.0491864   0.0489909 7.08037e-05
          41    0.048786   0.0489859 6.92357e-05
          42    0.048738     0.04898 6.78245e-05
          43   0.0495808    0.048994 6.76863e-05
          44   0.0494854   0.0490051 6.70669e-05
          45   0.0487165   0.0489987 6.58725e-05
          46   0.0488953   0.0489965 6.44638e-05
          47   0.0492697   0.0490023 6.33446e-05
          48   0.0487038   0.0489961 6.23219e-05
          49   0.0492928   0.0490021 6.13364e-05
          50   0.0483802   0.0489897 6.13709e-05
          51   0.0489414   0.0489887  6.0163e-05
          52   0.0485796   0.0489809  5.9517e-05
          53   0.0493872   0.0489885 5.88845e-05
          54   0.0492276    0.048993  5.7953e-05
          55   0.0492483   0.0489976 5.70787e-05
          56   0.0494677    0.049006 5.66752e-05
          57   0.0492096   0.0490096 5.57865e-05
          58   0.0490638   0.0490105 5.48242e-05
          59   0.0489153   0.0490089 5.39111e-05
          60   0.0488912   0.0490069 5.30412e-05
          61   0.0486589   0.0490012 5.24756e-05
          62   0.0486972   0.0489963 5.18546e-05
          63   0.0494574   0.0490036  5.1547e-05
          64   0.0490681   0.0490046 5.07452e-05
          65   0.0489736   0.0490042 4.99607e-05
          66   0.0483775   0.0489947 5.01058e-05
          67   0.0490535   0.0489955 4.93601e-05
          68   0.0491208   0.0489974 4.86637e-05
          69   0.0493506   0.0490025 4.82257e-05
          70   0.0491931   0.0490052 4.76097e-05
          71   0.0486804   0.0490007 4.71568e-05
          72   0.0489397   0.0489998 4.65049e-05
          73   0.0486945   0.0489956 4.60537e-05
          74   0.0492681   0.0489993 4.55761e-05
          75   0.0494148   0.0490049 4.53043e-05
          76    0.048968   0.0490044 4.47069e-05
          77   0.0485554   0.0489985  4.4506e-05
          78    0.049041   0.0489991 4.39351e-05
          79   0.0486167   0.0489942 4.36446e-05
          80   0.0489404   0.0489936 4.31008e-05
          81   0.0489879   0.0489935 4.25654e-05
          82   0.0491865   0.0489959  4.2109e-05
          83   0.0496228   0.0490034 4.22788e-05
          84   0.0493344   0.0490073 4.19579e-05
          85   0.0490953   0.0490084 4.14743e-05
          86   0.0493098   0.0490119 4.11388e-05
          87   0.0488205   0.0490097 4.07226e-05
          88   0.0489533    0.049009 4.02623e-05
          89   0.0493316   0.0490127  3.9972e-05
          90   0.0492837   0.0490157 3.96399e-05
          91    0.048252   0.0490073 4.00901e-05
          92   0.0484345   0.0490011 4.01377e-05
          93   0.0486101   0.0489969 3.99257e-05
          94   0.0488233    0.048995 3.95418e-05
          95   0.0494361   0.0489997  3.9398e-05
          96   0.0496941   0.0490069 3.96508e-05
          97   0.0484704   0.0490014 3.96278e-05
          98   0.0484807    0.048996 3.95795e-05
          99   0.0494111   0.0490002 3.94013e-05
         100   0.0491082   0.0490013 3.90202e-05
