         100   0.0467436           0           0
         100   0.0467436           0           0
         100   0.0467436           0           0
         100   0.0467436           0           0
         100   0.0467436           0           0
         100   0.0467436           0           0
         100   0.0467436           0           0
         100   0.0467436           0           0
         100   0.0467436           0           0
         100   0.0467436           0           0
         100   0.0467436           0           0
         100   0.0467436 4.45423e-05 4.20032e-06
         100   0.0467436  0.00663088 5.23259e-05
         100   0.0467436   0.0490124 0.000128658
         100   0.0467436   0.0960763 0.000281124
         100   0.0467436    0.107506 0.000278121
         100   0.0467436    0.098951 0.000229061
         100   0.0467436   0.0872085 0.000196146
         100   0.0467436   0.0767655 0.000155373
         100   0.0467436    0.069519 0.000141719
         100   0.0467436    0.064055 0.000118911
         100   0.0467436    0.059908  0.00010439
         100   0.0467436   0.0569502 9.78799e-05
         100   0.0467436    0.055197 0.000101699
         100   0.0467436   0.0536283 8.54013e-05
         100   0.0467436   0.0525933  8.4613e-05
         100   0.0467436   0.0519663 8.51475e-05
         100   0.0467436   0.0515438 7.47376e-05
         100   0.0467436   0.0513375 7.72207e-05
         100   0.0467436   0.0512527 8.02437e-05
         100   0.0467436   0.0510876 6.87555e-05
         100   0.0467436   0.0511161 7.75491e-05
         100   0.0467436   0.0509345 6.68342e-05
         100   0.0467436   0.0506488 6.79457e-05
         100   0.0467436   0.0504835 6.13097e-05
         100   0.0467436   0.0501473 5.88324e-05
         100   0.0467436   0.0500329 5.89412e-05
         100   0.0467436   0.0498012 5.80131e-05
         100   0.0467436   0.0496423 5.49606e-05
         100   0.0467436   0.0495575 5.51998e-05
         100   0.0467436   0.0493324 5.58088e-05
         100   0.0467436   0.0492798 5.09315e-05
         100   0.0467436   0.0490565 4.76658e-05
         100   0.0467436   0.0491138  5.0936e-05
         100   0.0467436    0.048965 5.12603e-05
         100   0.0467436   0.0489594 5.14999e-05
         100   0.0467436     0.04891 4.32247e-05
         100   0.0467436    0.048912 4.62548e-05
         100   0.0467436   0.0487987 4.43447e-05
         100   0.0467436   0.0488807 3.99474e-05
         100   0.0467436    0.048803 4.15498e-05
         100   0.0467436   0.0487509 3.90795e-05
         100   0.0467436   0.0487822  3.7336e-05
         100   0.0467436   0.0486888 4.15557e-05
         100   0.0467436   0.0487419 3.89876e-05
         100   0.0467436   0.0486975 3.79876e-05
         100   0.0467436     0.04883 4.34752e-05
         100   0.0467436   0.0486819 3.86862e-05
         100   0.0467436   0.0486296  3.8413e-05
         100   0.0467436   0.0487147 3.43954e-05
         100   0.0467436    0.048621 3.37383e-05
         100   0.0467436   0.0486926 3.08401e-05
         100   0.0467436    0.048605 3.38257e-05
         100   0.0467436    0.048681 3.15199e-05
         100   0.0467436   0.0486651 3.56668e-05
         100   0.0467436   0.0487264 3.68623e-05
         100   0.0467436   0.0487407 3.24541e-05
         100   0.0467436   0.0486588 3.24464e-05
         100   0.0467436   0.0486772 3.04317e-05
         100   0.0467436   0.0486789 3.25471e-05
         100   0.0467436   0.0486633 3.36723e-05
         100   0.0467436   0.0486665  3.0938e-05
         100   0.0467436    0.048691 3.01626e-05
         100   0.0467436   0.0487169 3.37474e-05
         100   0.0467436   0.0486794 2.76702e-05
         100   0.0467436   0.0486678 2.83185e-05
         100   0.0467436   0.0487047 3.08437e-05
         100   0.0467436   0.0487367 2.90042e-05
         100   0.0467436   0.0487471 2.77416e-05
         100   0.0467436   0.0487751 3.02054e-05
         100   0.0467436   0.0487417 2.70093e-05
         100   0.0467436   0.0487379 3.01308e-05
         100   0.0467436   0.0487281  2.6419e-05
         100   0.0467436   0.0487503 2.54249e-05
         100   0.0467436   0.0487801 2.46219e-05
         100   0.0467436   0.0487102 2.55174e-05
         100   0.0467436   0.0487651 2.41901e-05
         100   0.0467436    0.048714 2.44162e-05
         100   0.0467436   0.0487621 2.56929e-05
         100   0.0467436   0.0487838 2.19575e-05
         100   0.0467436    0.048762 2.34856e-05
         100   0.0467436   0.0487849 2.56924e-05
         100   0.0467436   0.0487682 2.42195e-05
         100   0.0467436   0.0488245 2.28045e-05
         100   0.0467436   0.0488134 2.50017e-05
         100   0.0467436   0.0488022 2.27233e-05
         100   0.0467436   0.0488024 2.22453e-05
         100   0.0467436   0.0488014 2.39028e-05
         100   0.0467436   0.0481165 2.23584e-05
         100   0.0467436   0.0466581 2.44244e-05
