           1   -0.417142   -0.417142           0
           2   -0.415244   -0.416193 0.000949103
           3   -0.406815   -0.413067   0.0031735
           4   -0.412705   -0.412976  0.00224583
           5   -0.415378   -0.413457  0.00180471
           6   -0.423555    -0.41514  0.00223691
           7   -0.410614   -0.414493  0.00199802
           8   -0.408221   -0.413709  0.00189966
           9   -0.425528   -0.415022  0.00212865
          10   -0.414064   -0.414927  0.00190634
          11   -0.417058    -0.41512   0.0017352
          12   -0.410189   -0.414709  0.00163645
          13   -0.412917   -0.414572  0.00151162
          14   -0.417813   -0.414803  0.00141851
          15   -0.414582   -0.414788  0.00132065
          16   -0.416537   -0.414898  0.00124017
          17   -0.417949   -0.415077  0.00117868
          18   -0.416145   -0.415136  0.00111286
          19   -0.416576   -0.415212  0.00105538
          20   -0.413197   -0.415111  0.00100628
          21   -0.415108   -0.415111 0.000957163
          22   -0.417501    -0.41522 0.000919059
          23   -0.411978   -0.415079 0.000889434
          24   -0.414146    -0.41504 0.000852454
          25   -0.411998   -0.414918 0.000826652
          26    -0.41315    -0.41485 0.000797128
          27   -0.415518   -0.414875 0.000767434
          28   -0.414055   -0.414846 0.000740098
          29   -0.412924    -0.41478  0.00071719
          30   -0.409638   -0.414608 0.000713757
          31    -0.41729   -0.414695 0.000695748
          32   -0.412283   -0.414619 0.000677857
          33    -0.41505   -0.414632 0.000657124
          34   -0.409763   -0.414489 0.000653391
          35   -0.415901   -0.414529 0.000635729
          36   -0.410826   -0.414427 0.000626324
          37   -0.414716   -0.414434 0.000609211
          38   -0.413597   -0.414412 0.000593372
          39   -0.416866   -0.414475 0.000581372
          40   -0.410949   -0.414387 0.000573469
          41   -0.409932   -0.414278 0.000569765
          42   -0.421582   -0.414452  0.00058259
          43   -0.415239   -0.414471 0.000569174
          44   -0.411635   -0.414406  0.00055981
          45   -0.414123     -0.4144 0.000547264
          46   -0.419188   -0.414504 0.000545261
          47   -0.415312   -0.414521  0.00053381
          48   -0.415494   -0.414541 0.000522963
          49   -0.421541   -0.414684 0.000531725
          50   -0.419216   -0.414775 0.000528807
          51   -0.417801   -0.414834  0.00052172
          52   -0.411747   -0.414775 0.000515023
          53   -0.409629   -0.414678 0.000514458
          54   -0.409327   -0.414579 0.000514475
          55   -0.412343   -0.414538 0.000506668
          56   -0.408712   -0.414434 0.000508299
          57   -0.412593   -0.414402 0.000500345
          58   -0.424208   -0.414571 0.000519903
          59   -0.422982   -0.414713 0.000530529
          60   -0.416242   -0.414739 0.000522234
          61   -0.410305   -0.414666 0.000518719
          62   -0.414006   -0.414655 0.000510395
          63   -0.414382   -0.414651 0.000502247
          64    -0.41416   -0.414643 0.000494397
          65   -0.416274   -0.414669 0.000487377
          66   -0.416292   -0.414693 0.000480566
          67   -0.416181   -0.414715 0.000473859
          68   -0.415191   -0.414722 0.000466891
          69    -0.40566   -0.414591 0.000478456
          70   -0.419409    -0.41466 0.000476568
          71   -0.412343   -0.414627 0.000470939
          72   -0.415652   -0.414641  0.00046457
          73   -0.407448   -0.414543 0.000468638
          74   -0.419423   -0.414609 0.000466943
          75   -0.415503   -0.414621 0.000460829
          76   -0.423982   -0.414744 0.000471112
          77   -0.415085   -0.414748 0.000464975
          78   -0.416429    -0.41477  0.00045948
          79   -0.411639    -0.41473 0.000455355
          80   -0.411879   -0.414695 0.000451037
          81   -0.411927    -0.41466 0.000446743
          82    -0.41518   -0.414667 0.000441307
          83   -0.411363   -0.414627  0.00043777
          84   -0.411613   -0.414591 0.000434013
          85   -0.409697   -0.414534 0.000432724
          86   -0.407758   -0.414455  0.00043486
          87   -0.407607   -0.414376  0.00043698
          88   -0.413651   -0.414368 0.000432064
          89   -0.417595   -0.414404 0.000428718
          90   -0.414798   -0.414408 0.000423951
          91   -0.413442   -0.414398 0.000419401
          92   -0.417377    -0.41443 0.000416079
          93   -0.415661   -0.414443 0.000411793
          94   -0.415324   -0.414453 0.000407497
          95   -0.420238   -0.414514 0.000407758
          96   -0.414198    -0.41451 0.000403501
          97   -0.413942   -0.414505 0.000399363
          98   -0.416463   -0.414525 0.000395771
          99   -0.418168   -0.414561 0.000393478
         100   -0.410989   -0.414526 0.000391158
