0.418557   0.0416508   0.139039
-0.435265   0.355473   0.0463909
0.391409   0.356524   0.159426
0.416307   -0.438478   0.424563
-0.484293   0.442098   0.305137
-0.255414   0.348603   0.40124
-0.433575   -0.291653   0.410735
0.0413569   0.39139   0.463308
0.17582   0.190734   0.302086
-0.0375508   0.37309   0.00296765
0.0955986   0.412448   0.245246
0.244044   0.472664   -0.402879
0.278936   -0.322547   -0.481596
0.295334   -0.245937   0.315275
0.119405   -0.1382   0.349963
-0.387122   -0.487999   0.486405
0.421647   -0.175227   -0.346185
-0.231803   -0.263174   0.444937
-0.371604   -0.250292   -0.399983
-0.161477   -0.405144   -0.397919
0.0137453   -0.32954   0.0388892
-0.0448944   -0.239855   0.353545
0.0658703   0.0729217   -0.206522
0.399258   -0.364802   0.0369473
0.0278232   -0.00765087   0.0765822
-0.480133   0.223632   0.245056
-0.38659   -0.0158756   0.349365
0.0465754   -0.205325   -0.430759
0.448362   -0.124052   0.333091
-0.0362157   0.264021   0.189789
-0.450297   0.339386   0.494285
0.437286   0.0268331   -0.287141
-0.003361   0.00273537   0.42008
0.404068   0.287894   0.372773
-0.0944328   0.197402   0.398321
0.24172   0.056314   0.442083
0.289687   0.289234   -0.461229
-0.0433843   0.221625   -0.391973
0.301208   -0.48419   -0.227316
0.438466   0.242187   -0.327848
-0.477275   0.251761   -0.126632
-0.141959   0.380507   -0.418945
0.445945   -0.338083   -0.22871
-0.292474   0.151406   -0.0890532
0.147489   0.306235   -0.300461
0.0338937   0.471467   -0.3138
-0.336899   -0.43935   -0.315375
0.108766   0.241054   -0.109985
0.17566   -0.307654   -0.313551
0.292907   -0.127798   0.484721
0.233663   -0.0561864   -0.176736
0.354902   0.44505   -0.0318568
0.435602   -0.112447   -0.135445
-0.252023   0.0505717   0.473927
-0.386633   -0.412271   0.0358022
-0.221414   -0.142699   -0.263901
-0.152538   -0.483215   0.392022
0.0393351   -0.394744   -0.467523
-0.128326   -0.122351   -0.430935
-0.104521   0.289686   -0.21373
0.109943   -0.00990431   -0.402477
-0.311604   0.331437   -0.272335
-0.409102   0.132261   -0.459288
-0.361973   0.0150704   -0.263709
-0.0986758   -0.227253   -0.0955663
-0.139517   0.0871181   -0.258395
-0.402455   -0.0444111   0.000468742
-0.346072   -0.275177   -0.186811
0.0223415   -0.15421   -0.254763
0.120732   0.20591   0.499924
-0.14542   0.17501   0.0359796
0.405365   0.0926255   -0.0612164
0.436609   0.47796   -0.386555
-0.428418   -0.489786   -0.132959
0.154762   0.367423   0.0648564
-0.265365   0.304298   0.160595
-0.208855   -0.0245474   0.0500562
-0.159228   -0.409424   -0.0392718
-0.317457   -0.478957   0.293941
-0.12752   0.474626   0.19237
-0.223657   0.385976   -0.00711156
0.0844524   0.481916   -0.099019
-0.026372   0.0759215   0.246608
0.250588   0.144023   -0.278648
0.226435   -0.315918   -0.0981276
-0.393396   0.138178   0.074864
0.246864   -0.215819   0.0736982
0.184956   -0.432917   0.155922
-0.294766   -0.229165   0.0133079
0.08626   -0.2308   0.194148
0.418104   -0.172779   0.136738
0.486144   -0.353494   0.223755
-0.149437   0.480075   -0.211343
-0.0479915   -0.330158   -0.243337
-0.187923   -0.305859   0.247694
0.127714   -0.381004   0.336388
0.218958   0.00169892   0.188385
-0.364442   -0.206776   0.211016
0.224191   0.421284   0.389543
0.437524   0.0841034   0.387534
-0.0958313   -0.195016   0.1062
-0.0929413   -0.00920167   -0.0885801
-0.230723   0.104225   0.213612
-0.454203   -0.0648427   -0.478494
0.0904021   -0.165599   -0.0445161
0.326251   0.312232   -0.186932
-0.208571   -0.0945248   0.295522
0.122786   0.164151   0.106426
