0.41855   0.0415774   0.139092
-0.435347   0.355366   0.0464187
0.391539   0.356649   0.159491
0.416316   -0.438191   0.42476
-0.484262   0.441934   0.305289
-0.255593   0.348697   0.401114
-0.433624   -0.291681   0.410679
0.041467   0.39143   0.463495
0.175885   0.190675   0.301985
-0.0375463   0.3731   0.0031741
0.0955836   0.412563   0.245194
0.243913   0.472671   -0.402971
0.278803   -0.322748   -0.481796
0.295167   -0.245822   0.315336
0.119424   -0.138281   0.349881
-0.38713   -0.487989   0.486535
0.421527   -0.175341   -0.346348
-0.231784   -0.263189   0.444727
-0.371531   -0.250217   -0.399972
-0.161535   -0.40528   -0.39819
0.0138375   -0.32983   0.0387458
-0.0448912   -0.239858   0.35367
0.0656637   0.0728198   -0.206579
0.399176   -0.364798   0.0370807
0.0278711   -0.0077222   0.0765782
-0.479927   0.223687   0.245133
-0.386561   -0.0155141   0.349537
0.0465721   -0.205169   -0.430807
0.448173   -0.123948   0.333227
-0.0361439   0.264078   0.1898
-0.450203   0.339304   0.494356
0.437461   0.0265929   -0.287008
-0.00352668   0.00275154   0.42012
0.404023   0.287799   0.372771
-0.0944172   0.197435   0.39829
0.24175   0.056456   0.441975
0.289567   0.289441   -0.461424
-0.0434316   0.221814   -0.391864
0.301379   -0.484233   -0.22739
0.438483   0.242333   -0.328008
-0.477457   0.251693   -0.126458
-0.141955   0.380606   -0.418852
0.446031   -0.338117   -0.22884
-0.292413   0.151234   -0.0890339
0.147395   0.306156   -0.300475
0.0339069   0.471361   -0.313852
-0.336746   -0.439482   -0.315379
0.108877   0.241109   -0.11022
0.175804   -0.307631   -0.313669
0.29294   -0.127996   0.4843
0.23372   -0.0562457   -0.176842
0.355008   0.445199   -0.0319948
0.435592   -0.112288   -0.135576
-0.251887   0.0505346   0.474179
-0.386835   -0.412245   0.0359672
-0.221605   -0.142604   -0.263923
-0.152429   -0.483243   0.391933
0.0391573   -0.3948   -0.467716
-0.128184   -0.122294   -0.430958
-0.104549   0.289836   -0.213712
0.109915   -0.00978896   -0.40237
-0.311609   0.331416   -0.272237
-0.409142   0.132291   -0.459369
-0.36216   0.014869   -0.263691
-0.0985352   -0.227418   -0.0954482
-0.139429   0.0870725   -0.258584
-0.40238   -0.044296   0.000495728
-0.346059   -0.275226   -0.186784
0.0221682   -0.154166   -0.254791
0.120496   0.20582   0.499919
-0.145469   0.174848   0.0360363
0.405515   0.0926253   -0.061211
0.436549   0.477844   -0.386503
-0.428425   -0.489748   -0.132789
0.154853   0.367455   0.0650104
-0.265511   0.30472   0.160701
-0.208934   -0.0245298   0.0500394
-0.159297   -0.409298   -0.0392254
-0.317477   -0.478998   0.29392
-0.127582   0.474406   0.192139
-0.223797   0.385915   -0.00702173
0.084254   0.481716   -0.0989004
-0.02597   0.0760428   0.24677
0.250628   0.143911   -0.278678
0.226296   -0.315988   -0.0984069
-0.393504   0.13821   0.0746051
0.247063   -0.215882   0.0736445
0.184876   -0.432922   0.155924
-0.29487   -0.228984   0.0134902
0.0862752   -0.230932   0.194131
0.418384   -0.172715   0.136675
0.486379   -0.353375   0.223711
-0.149393   0.480148   -0.211333
-0.0476904   -0.33015   -0.243418
-0.187889   -0.306004   0.247667
0.127577   -0.381025   0.336375
0.218834   0.00176896   0.188343
-0.36435   -0.206641   0.211335
0.224423   0.421535   0.389528
0.437766   0.083942   0.387542
-0.0958986   -0.195121   0.10629
-0.0928963   -0.00897571   -0.0887744
-0.230588   0.104391   0.213568
-0.454266   -0.0648275   -0.478571
0.0904549   -0.165675   -0.0444308
0.326183   0.31222   -0.186894
-0.208761   -0.0943361   0.295519
0.122621   0.163947   0.106392
