0.473816    1.15702    0.0626178
0.519608    0.912912    -0.00415638
0.592216    1.1238    0.506467
0.531614    1.10662    -0.65054
0.512787    0.822862    -0.251607
0.480116    0.802242    -0.760216
0.52226    1.64658    0.197762
0.557152    1.33971    -20.3312
0.391944    0.516123    0.21281
0.586479    0.591869    -0.914021
0.549869    1.3516    -1.41217
0.525546    1.2125    -0.167836
0.420126    1.22455    -0.745882
0.418539    0.793318    -0.542528
0.464821    0.566936    0.84803
0.550555    1.16291    -0.275809
0.546428    1.15619    -0.351
0.584798    1.21729    -0.069313
0.476665    1.01026    0.253824
0.4762    1.12404    -1.94912
0.706548    1.20384    -0.0249024
0.488966    1.44204    0.529521
0.502676    1.03528    0.696372
0.432728    0.909167    0.515752
0.496394    0.907614    1.86123
0.490219    0.941548    0.882667
0.421829    0.825211    0.513098
0.644096    1.20221    -0.900368
0.500269    0.895814    13.9233
0.414799    0.834579    1.35384
0.493593    0.816907    5.84627
0.475455    1.41237    -0.624538
0.437664    0.678269    -0.974232
0.581989    0.794206    -0.11441
0.464565    1.47287    -0.265295
0.50202    0.605468    -0.686751
0.604433    1.11326    0.874009
0.588008    1.26595    -1.41618
0.585182    0.994915    1.2198
0.548752    0.70957    -0.0681826
0.470808    0.912247    2.47373
0.546816    1.05741    0.851875
0.432984    1.48039    -0.678244
0.693174    1.13321    1.10499
0.460456    1.30366    -0.459062
0.417308    0.970397    -1.50568
0.488087    1.39374    0.709909
0.741685    1.15826    -0.716532
0.671496    0.93797    1.0944
0.55182    0.55192    0.118783
0.430785    0.77637    0.277952
0.482633    1.24243    -0.940786
0.512097    1.29092    0.237059
0.581362    1.217    -0.0134465
0.630379    1.55665    -1.05869
0.387439    1.13172    0.182715
0.610015    1.18922    -1.09161
0.508452    1.04236    1.42956
0.568577    0.856769    1.97607
0.573989    1.65028    1.44185
0.617139    1.3939    -2.15239
0.408886    1.05796    1.26632
0.490024    0.759289    0.29054
0.464504    0.699799    0.839535
0.466829    0.990876    0.486314
0.449262    0.988931    1.30966
0.496714    1.2747    0.758045
0.363056    1.38461    8.73149
0.453555    0.996426    -2.17331
0.50754    0.626592    -1.11199
0.602307    0.611432    -1.06504
0.545866    1.43679    -0.241684
0.491067    0.589921    1.5342
0.539378    0.417834    -1.76074
0.536524    1.13492    -0.490284
0.600506    1.08701    0.167223
0.56703    0.834935    -0.406481
0.46347    0.647995    -54.1203
0.539081    0.78631    -2.91062
0.468063    0.715127    1.78302
0.348799    0.529879    0.80571
0.644574    0.683034    -1.20508
0.606792    1.35608    -21.2711
0.535326    1.63822    0.00139528
0.50671    0.876489    -1.11131
0.433374    1.03127    -1.02681
0.356709    0.987657    -1.46505
0.392    0.415222    6.77879
0.607983    1.51679    1.11956
0.577812    0.90403    3.1849
0.542391    1.12385    -0.378987
0.610944    1.62948    0.51432
0.496068    1.17111    -0.0953909
0.55098    0.845667    -0.992741
0.509595    0.831068    1.32603
0.627372    1.37684    -1.12416
0.706959    0.593234    -0.486375
0.446123    0.840063    0.683274
0.401922    0.65408    26.6507
0.485936    1.12321    0.832301
0.585744    1.64204    -0.248216
0.469802    1.33708    -0.00612746
0.426156    0.658901    -0.336559
0.592602    0.792526    0.0354939
0.553361    0.833361    -1.78465
0.5197    0.876543    0.610385
0.661245    1.77841    0.00103124
0.451149    0.744667    2.39864
0.335249    0.962887    -20.475
0.564046    1.29039    -0.724174
0.644126    0.695347    -2.01081
0.58214    0.766677    0.0570708
0.300325    0.81557    -1.46601
0.445092    0.759237    1.33409
0.589766    1.25395    -0.925612
0.515149    1.04144    -1.40566
0.470396    0.768511    -2.50875
0.409548    1.35895    2.12842
0.602057    1.10803    -0.827129
0.513013    1.30626    -0.388122
0.54687    1.04965    2.07968
0.624355    0.502473    0.852507
0.506379    0.6263    0.262076
0.429844    0.996708    -0.0155571
0.56334    0.876618    0.533029
0.566619    0.947927    1.3803
0.483903    0.987809    -20.1867
0.422499    1.24962    0.417494
0.609313    0.806244    5.54778
0.582053    1.10271    1.6828
0.7119    1.51577    -1.77693
0.528179    0.542685    0.613635
0.582105    0.888254    -2.20992
0.486664    1.07683    1.82299
0.513543    0.691554    -0.30251
0.488801    1.52383    -7.06828
0.41062    1.31798    0.518013
0.641972    1.18939    3.18226
0.494912    1.37891    -0.582435
0.445753    0.487739    -3.1669
0.556461    1.04464    -0.813426
0.564457    0.99501    -1.19274
0.596144    1.0094    27.0293
0.546591    1.57684    -4.13611
0.334536    0.834243    -0.956237
0.435424    0.875708    0.342852
0.607855    0.907611    -0.982786
0.398258    0.890828    0.723088
0.507037    1.14724    1.82189
0.657949    0.861572    -2.59172
0.503218    1.09684    -2.122
0.3693    1.00806    0.46662
0.591397    0.386952    0.534908
0.463021    1.05767    1.0907
0.410267    0.86301    1.22761
0.586598    0.847306    -53.3427
0.484544    0.725832    -0.074371
0.597477    0.602274    2.22735
0.598251    1.30945    0.348884
0.290039    1.00563    -1.06507
0.442483    1.1189    -1.75787
0.531791    1.5304    -0.7605
0.576032    1.08288    1.25634
0.601569    0.801824    1.20839
0.465977    0.802038    2.9928
0.50625    0.681063    0.961034
0.599796    0.840465    -6.40247
0.533008    1.29243    -2.75384
0.329786    1.25584    -0.244488
0.589507    0.824454    0.382691
0.661519    0.725736    -1.45069
0.299977    1.29364    0.672744
0.554674    0.632478    2.86352
0.553994    1.22913    0.108122
0.578876    0.589543    -0.353089
0.527287    0.614071    -0.593576
0.55808    1.28291    0.236302
0.678113    0.874522    8.49498
0.531486    1.0069    -171.969
0.524062    0.996441    1.4893
0.531108    1.0745    -0.00625785
0.465626    1.04002    0.677465
0.687606    0.751399    -42.5781
0.574871    1.20702    -0.504987
0.476157    0.647878    -0.438926
0.528112    0.899462    1.2546
0.43962    0.681987    0.520472
0.536111    0.921063    0.284527
0.80129    0.857155    0.338716
0.406828    1.2093    1.32935
0.61587    0.652231    0.294743
0.444823    0.64822    -37.1739
0.504109    0.730479    -0.522443
0.515799    1.13707    -0.229383
0.560593    1.3476    -0.398811
0.540133    1.0543    0.0300149
0.589651    1.64847    -21.9848
0.568403    1.10355    -0.0123617
0.672973    0.877864    3.36581
0.565438    1.52079    1.0613
0.553532    0.899966    0.650356
0.305209    1.64152    1.51047
0.470504    0.681946    -1.01912
0.662465    1.15869    3.96325
0.72328    0.886987    1.7911
0.471286    1.58626    -0.415959
0.491098    0.664606    113.27
0.486265    1.49907    -0.126179
0.287519    1.27846    0.751245
0.596659    1.31337    1.33556
0.672587    0.87106    3.25598
0.563192    1.33049    2.71198
0.554395    0.859765    0.133479
0.714085    0.842732    16.9101
0.447478    1.5686    0.375179
0.58189    0.862604    0.290594
0.46733    1.01402    5.87447
0.403753    0.755325    3.80065
0.465057    0.728765    0.638322
0.650253    0.928116    0.0363635
0.66793    1.02286    0.162734
0.485021    1.03666    -77.4886
0.402137    0.768921    1.93061
0.469333    1.0393    1.90835
0.6326    1.01932    -0.670173
0.380733    0.877854    -0.614645
0.447971    0.600111    0.260717
0.5681    0.694874    -0.707686
0.721089    0.722223    0.368981
0.660157    0.893501    -1.87527
0.448085    0.941563    -1.36
0.410947    0.744077    -3.8125
0.561977    1.21857    -1.11261
0.522043    1.59919    -0.205387
0.665972    0.633457    0.431272
0.632806    0.731814    1.58287
0.56177    1.19627    -1.45844
0.509767    0.523179    0.202888
0.370841    0.633302    0.31329
0.374691    0.817199    1.15487
0.56104    0.747139    1.67352
0.55599    1.67469    -2.43414
0.483807    1.02201    0.198468
0.585473    0.776327    1.19072
0.572716    1.04353    0.436638
0.534753    1.28753    1.71083
0.414151    1.26139    -0.0171394
0.523647    0.782586    -1.03487
0.424403    0.650749    -11.1986
0.454365    0.544531    3.21205
0.591471    0.632869    -0.440469
0.535827    0.988061    1.04607
0.588276    0.507494    0.0688456
0.454946    1.13271    5.73152
0.44879    0.536546    1.47249
0.406665    0.731804    -0.575555
0.318852    1.08685    2.21831
0.57991    0.741419    0.0974409
0.535879    0.569259    0.00770624
0.467877    1.10185    679.741
0.630642    1.52035    1.38156
0.571202    0.73043    0.22897
0.341308    0.890084    32.1992
0.422002    1.48347    -16.9406
0.634406    0.535466    -0.972853
0.693503    0.915542    0.353319
0.47591    1.3403    0.139275
0.479509    1.12903    1.1606
0.512456    0.614201    4.19921
0.423149    0.657362    -2.6739
0.519607    0.591432    0.749674
0.525835    1.11727    -1.03544
0.350177    0.851137    -0.167657
0.442931    1.52055    2.1742
0.657731    0.845229    -0.774753
0.527886    1.14653    0.196104
0.552636    0.91615    -0.200416
0.464452    0.539463    1.24963
0.532218    1.98817    -2.18826
0.457526    0.966511    0.35005
0.461892    1.2211    1.74838
0.555133    0.906621    -0.120977
0.407249    1.15402    -0.917248
0.452539    0.662164    0.305541
0.552316    0.981885    -0.173615
0.477499    0.513325    1.07293
0.498153    0.939467    2.39971
0.653504    1.06101    0.507718
0.417966    0.854023    0.458343
0.35378    0.74916    0.136669
0.536581    1.13038    -0.782968
0.448017    0.511508    -7.30863
0.377769    0.818294    -0.512803
0.649358    1.34593    -1.12064
0.544207    0.673562    2.6044
0.421646    1.43323    0.0210515
0.510992    0.898809    1.78027
0.624081    0.825573    -1.34183
0.461408    1.08823    -0.125419
0.657969    1.20574    -2.5006
0.397187    1.3021    1.33773
0.530884    1.24966    -1.34982
0.526594    0.339768    0.151589
0.448037    1.77372    -3.05829
0.371529    1.27374    -2.26277
0.446672    1.38922    0.717575
0.526105    1.17165    2.17964
0.262543    0.830525    -2.25897
0.518187    1.30431    0.00335547
0.400864    1.04738    -0.514785
0.533771    1.10569    0.276045
0.607973    1.18898    4.59575
0.611055    0.940017    -0.74433
0.422472    0.580871    -4.1433
0.433489    0.821628    -0.411359
0.330966    0.622859    0.831066
0.472939    0.742889    -22.6022
0.55706    1.15754    1.1523
0.56735    0.646331    -1.86755
0.553086    0.696092    2.80832
0.760969    1.60036    -0.832987
0.410389    0.848324    0.299777
0.476105    0.72596    0.120374
0.411183    1.39306    -1.19946
0.497757    0.703961    5.65045
0.456038    0.79269    3.69583
0.497956    1.12835    0.766097
0.346469    1.19706    0.429587
0.454512    1.18407    1.25272
0.399736    0.954383    -0.0880377
0.365878    0.786617    -0.897775
0.528436    0.680114    -1.53052
0.454067    1.22833    -0.642054
0.423641    0.802091    0.0155822
0.39291    1.48446    3.21377
0.417676    1.03652    -0.208283
0.598481    1.86247    -0.620858
0.539235    0.786358    5.64534
0.459046    0.844259    0.187657
0.464655    0.463742    -0.518316
0.63759    1.25623    1.34387
0.458001    1.46282    0.227136
0.512616    0.649823    7.60048
0.509466    0.827316    2.31257
0.581617    0.931828    0.182278
0.344501    0.887114    -0.0618125
0.57322    0.987359    7.92391
0.590524    1.14577    -0.258339
0.622648    0.802379    1.69518
0.546952    1.22112    -5.2446
0.572527    1.17048    2.10987
0.588174    0.55831    -0.334163
0.466532    0.973735    -0.0138808
0.705855    0.991473    0.0745441
0.393466    0.936556    0.805691
0.522121    0.627504    0.244799
0.588439    1.11139    0.760688
0.521719    0.686782    0.397128
0.467549    0.552882    0.561084
0.389578    0.948129    1.93844
0.612064    0.925558    -0.0827033
0.41836    1.0344    -1.13838
0.564271    0.999583    -1.5162
0.673985    0.567362    0.101621
0.474178    0.645746    0.718418
0.468767    1.15672    0.621856
0.65579    0.96278    135.062
0.472136    1.22507    0.0983569
0.372918    1.38019    5.04287
0.355947    0.710935    1.2818
0.364269    0.361068    1.63204
0.580495    1.01995    -2.03342
0.409969    1.22082    1.84558
0.521674    0.851422    1.27791
0.498496    1.12445    -4.34471
0.54948    0.836428    -0.434858
0.423481    0.640034    -6.85241
0.511507    0.94068    -0.976041
0.46062    1.10072    -3.45386
0.557438    0.607331    -6.15764
0.370281    0.999736    -15.8928
0.454914    0.886307    -6.88045
0.753067    0.949945    0.144872
0.474021    0.655128    -1.34857
0.452687    1.37994    -1.76173
0.52483    1.48734    1.25413
0.439884    0.996721    0.724341
0.37563    0.731732    -0.0940343
0.49691    1.11274    -0.120813
0.601413    0.62582    -11.699
0.516028    1.14736    9.92488
0.443563    1.023    -3.83968
0.476791    1.43392    -0.713732
0.420253    0.468553    898.938
0.512295    1.16249    -0.72468
0.618483    1.37987    -0.477947
0.438295    0.590983    1.12458
0.515762    1.41981    -0.732706
0.412822    0.90158    -3.3319
0.402782    0.860543    0.337834
0.416948    0.627079    0.347327
0.575905    1.90055    -0.211473
0.586302    1.12368    -0.205495
0.495376    1.05695    -0.395819
0.652073    1.58106    -0.207164
0.504963    1.15648    -1.90008
0.531303    0.905286    1.36979
0.511462    0.762787    -0.0705512
0.488456    0.65514    -0.888845
0.546417    1.0132    1.71555
0.410235    0.865359    4.04681
0.482709    0.597789    1.61083
0.517731    1.57923    0.510972
0.448573    1.2286    1.75879
0.495812    0.846219    1.62586
0.45134    1.26317    0.245422
0.448546    1.31345    0.155607
0.560974    1.06066    -4.09789
0.377997    0.91049    1.80471
0.464524    0.755472    1.50943
0.306251    1.46573    -0.41692
0.530132    1.03816    0.889735
0.378696    1.011    -0.602341
0.543466    0.664499    -0.27512
0.549593    0.702938    1.46272
0.318586    0.935327    -0.148446
0.39564    0.824119    -0.465209
0.544559    0.685614    0.504526
0.553607    0.832519    0.653002
0.501743    0.61979    1.15431
0.346157    0.732355    2.21761
0.547921    1.23244    -0.725083
0.444619    1.00909    0.275188
0.502447    1.01352    0.394388
0.405705    0.777679    6.24835
0.501611    1.46277    -0.290977
0.484993    1.09588    3.18764
0.60368    0.718885    -0.954079
0.535305    1.021    -0.949377
0.617795    1.17784    -0.0711881
0.491967    0.873046    -2.09133
0.435262    1.49903    6.93865
0.466199    0.676305    0.152697
0.460086    0.679968    -3.24443
0.436661    1.20849    2.7975
0.560905    0.884442    -5.62283
0.559281    1.44553    -0.118393
0.279277    1.29895    0.627812
0.406023    1.34681    -0.274565
0.497419    0.843124    1.54101
0.58109    0.852842    -3.63553
0.54761    1.14029    0.142276
0.622245    0.937569    -11.2208
0.478361    1.05687    -15.253
0.437337    0.920513    -0.797626
0.409754    1.1646    -1.74163
0.300854    0.925487    1.17879
0.429871    0.971591    1.43691
0.579188    0.9049    -0.590823
0.511573    1.77986    -14.9664
0.590433    0.983567    1.09913
0.456916    1.27368    -0.199113
0.546735    0.463013    3.76252
0.585775    0.916066    13.2063
0.473639    1.10724    -3.97368
0.44362    1.10415    1.25164
0.438286    1.15814    27.311
0.566488    0.903863    0.606587
0.520881    1.05428    -8.87205
0.451846    0.878861    -0.669687
0.593359    0.583239    -1.16111
0.472767    1.05705    0.102519
0.574781    1.12241    -0.43532
0.657654    0.955279    -0.827951
0.451449    0.638295    -13.1985
0.444032    1.09918    -2.05291
0.605227    1.3205    0.168556
0.595712    1.18945    -1.58388
0.397888    0.77925    -0.610763
0.528371    1.38412    5.1258
0.61155    0.718767    -2.81921
0.587242    0.922456    -77.8828
0.532305    1.55176    0.809719
0.517647    0.604902    -6.52201
0.460094    0.809239    6.14583
0.407521    1.1114    0.0356886
0.494435    0.874567    0.379264
0.591281    1.83783    -2.11614
0.432151    0.726956    -6.83765
0.504432    0.697512    0.427563
0.456237    1.26868    0.587205
0.573582    1.06178    -8.90775
0.418944    0.792385    5.01646
0.510044    1.30228    0.171463
0.5385    1.0424    -0.729609
0.527448    1.19398    -2.69368
0.337093    0.982543    0.74569
0.292646    0.587825    -0.999282
0.434328    0.499067    1.6781
0.400234    1.01437    -0.508444
0.649671    1.05962    -17.216
0.477155    1.17575    -5.48939
0.421131    0.551362    -0.201157
0.405544    0.898006    -9.44936
0.464721    1.23492    -0.14989
0.617246    1.47384    2.91417
0.516949    1.51216    1.16034
0.567692    0.884114    -0.991503
0.544794    0.721413    0.752341
0.533084    0.884841    -7.48138
0.486161    0.807192    5.02979
0.573534    0.777695    -0.53062
0.397793    1.03276    0.458692
0.433933    1.1596    -1.97532
0.523864    1.11789    1.46826
0.469325    0.832252    -2.04526
0.53114    1.10293    0.962884
0.625445    0.906015    0.0235527
0.447395    1.22315    0.209555
0.408262    0.680085    12.06
0.537981    1.26343    3.24066
0.556871    0.645607    -0.281039
0.39772    0.541691    -0.493415
0.497312    0.720046    1.0884
0.545879    0.591752    -12.7489
0.493913    0.824812    0.23545
0.602618    0.642014    11.6937
0.609896    0.980405    -0.61718
0.395162    0.452531    -10.4188
0.408398    0.506019    2.69222
0.477797    1.83041    0.601789
0.523988    0.518948    -1.69264
0.425794    0.640416    -2.97739
0.456441    1.09222    0.252745
0.541316    0.786884    1.7041
0.513132    1.39595    0.607603
0.538386    1.35997    10.0202
0.472206    0.864319    -1.0757
0.490904    0.911553    0.663519
0.660866    1.17817    -1.23826
0.556655    0.784885    -1.07604
0.534872    0.640904    -0.545537
0.542961    0.96576    -1.35275
0.387009    0.49653    0.551784
0.555379    0.588328    -1.87209
0.57186    1.452    -0.724909
0.556287    0.912373    -0.380625
0.467223    1.36375    0.00377931
0.529585    1.4068    1.26275
0.541838    1.08952    2.8839
0.362756    0.832177    -0.506068
0.59524    1.25865    3.55065
0.367476    0.864528    0.648858
0.396538    0.911947    0.167922
0.401421    1.31178    4.18188
0.580127    0.739985    -0.737219
0.451266    0.772993    -0.84113
0.450805    0.780453    0.307791
0.5017    0.81466    -0.69144
0.488896    0.583826    -1.23003
0.446843    0.835811    -0.977146
0.49586    0.830551    -0.0155095
0.385569    1.61678    -0.822827
0.437767    0.787408    -4.83017
0.454899    0.919968    0.447496
0.571151    1.2172    -0.271295
0.457856    0.519929    -2.734
0.703351    0.677519    2.00385
0.482869    1.4109    2.17317
0.465683    0.768916    0.540699
0.527982    1.5105    0.676494
0.367971    0.583988    -1.26396
0.558753    1.51508    44.8231
0.750156    0.852356    1.74574
0.655701    0.605875    0.711937
0.631347    0.745798    19.0097
0.644605    0.897143    -1.64909
0.546741    1.00218    -0.0637957
0.637609    1.02283    0.925685
0.513787    1.06464    -42.2549
0.519205    0.655481    0.0819547
0.623756    1.47336    1.51024
0.550417    0.868688    -0.753665
0.444055    1.20624    -0.372274
0.586123    1.49474    -0.776743
0.558    1.30955    3.18257
0.541195    0.674247    -1.75018
0.567995    0.758025    -0.528743
0.325139    1.8845    0.767741
0.537964    0.460574    -3.94653
0.604015    0.472368    2.16731
0.532012    1.4711    -1.958
0.341668    0.786143    -0.537567
0.386601    1.63751    1.71294
0.306646    1.159    -2.78209
0.488436    1.14539    0.238566
0.480573    0.792002    -0.305874
0.362814    0.78489    -3.14695
0.230158    1.28363    11.2639
0.537803    0.958719    -0.343341
0.35748    0.95611    -0.653829
0.556279    1.20693    -3.36407
0.458532    1.01797    1.10313
0.266019    1.11589    -1.64725
0.522393    1.24697    -3.36622
0.420712    0.749373    0.289917
0.504563    1.082    -0.122097
0.452369    0.713685    -1.00021
0.407165    1.05718    1.26674
0.496116    1.39823    -1.41282
0.482602    0.767962    -0.783882
0.517294    1.03905    1.09187
0.420075    1.22778    -5.33049
0.551065    1.1063    0.643914
0.537849    1.16382    2.82341
0.346811    1.18036    -1.82577
0.537481    0.693926    -0.799941
0.63151    1.1707    -0.404977
0.616188    1.32695    -0.604954
0.473458    0.709076    0.0448451
0.604258    0.713209    -0.900894
0.333066    0.884731    -0.662396
0.507714    0.941587    11.5627
0.511567    0.995916    1.83558
0.591419    1.05015    0.496143
0.519244    1.29855    0.0832103
0.721373    0.56779    -2.79054
0.537675    1.41378    -1.73929
0.471056    1.23624    -0.392075
0.488503    1.01775    -4.86386
0.547315    0.89639    3.40974
0.574839    1.12446    1.74469
0.355459    0.589564    0.95236
0.648516    0.846779    -0.53542
0.4378    0.334783    1.1649
0.682575    0.911098    -0.205586
0.508968    1.06212    0.392636
0.686482    0.923523    0.698143
0.48672    1.44487    0.210018
0.472141    1.14848    1.11568
0.677864    0.980297    0.696369
0.529806    0.900707    -10.137
0.611991    0.53244    -0.443377
0.55982    0.837951    1.10829
0.395282    1.02295    -0.653077
0.471917    1.31716    1.12399
0.644319    0.809579    0.116612
0.538848    0.586845    0.777428
0.704901    0.624172    0.315045
0.593474    1.75023    -0.267557
0.700054    1.28665    -0.671899
0.493601    1.24717    -2.44778
0.508827    0.949223    5.01023
0.539687    1.17569    -0.563469
0.365045    0.788301    0.866834
0.49761    1.23969    0.113588
0.481853    0.640617    1.46628
0.519932    1.67332    0.146903
0.44066    0.859401    -0.13914
0.529951    1.13846    1.49354
0.505963    1.56319    -0.281202
0.476313    1.29541    0.525558
0.60232    0.819519    -0.326645
0.512528    1.51308    -0.297311
0.665697    0.613057    1.8518
0.523301    1.34222    -3.53757
0.395153    1.35324    0.754669
0.313735    0.643978    -0.450523
0.406674    0.850043    -13.4582
0.691042    0.911343    1.42819
0.240552    1.02955    -4.347
0.381939    0.929175    0.0241137
0.396336    1.15671    -0.691558
0.510393    0.549428    -0.355472
0.451673    0.838606    -10.0302
0.565212    1.66976    4.65771
0.537648    1.02649    -4.4844
0.558213    1.32699    -1.51509
0.355104    1.25144    2.17846
0.541707    0.810593    0.566901
0.473246    0.833234    0.0716082
0.536921    1.00196    -1.53748
0.590175    1.38218    1.53723
0.428021    0.934308    -1.19527
0.479213    1.02193    -26.4291
0.392772    1.06487    0.207668
0.506576    1.06829    0.33053
0.550886    1.17253    -0.0555779
0.484414    0.546602    -1.24282
0.382799    1.10468    0.307958
0.405198    0.764598    1.08758
0.560482    1.04467    0.190324
0.463002    0.929106    -0.807812
0.380822    1.23463    0.482356
0.566292    1.10377    -1.06085
0.331628    1.58321    -0.00216847
0.634456    1.21817    -0.195615
0.568402    0.523513    -0.590269
0.483292    1.01114    1.1037
0.54209    0.770892    -0.555707
0.467228    0.72564    0.193736
0.487074    1.00262    0.709084
0.569866    1.34178    2.45155
0.535217    0.454421    0.217667
0.518768    0.899501    -0.029172
0.43368    0.469527    11.814
0.43194    1.05356    -1.43558
0.467056    0.975749    -2.48302
0.356447    0.903339    0.413382
0.461077    0.679527    -2.69819
0.395717    0.644859    2.67188
0.706104    0.47643    12.2515
0.490606    0.804512    1.08494
0.501973    1.60228    -1.39566
0.556878    0.568144    0.154064
0.596794    1.29551    -0.220017
0.512664    0.735552    11.21
0.564103    0.856964    0.517787
0.465407    1.11833    -2.95229
0.615803    0.830069    0.109036
0.567959    0.990295    -1.19323
0.450436    0.729243    -4.0378
0.48468    0.847266    0.451545
0.443212    0.893127    -0.197601
0.50469    1.02735    0.597823
0.638565    1.38312    0.556277
0.362687    1.45761    -0.423659
0.438551    1.14613    -1.68199
0.427087    0.631455    -1.53392
0.408912    0.875316    -0.362581
0.427476    0.898347    4.77506
0.554695    1.3256    0.219939
0.54259    0.699534    0.213929
0.54183    0.713275    2.89324
0.468113    0.999995    -0.372454
0.64058    0.438514    1.07683
0.529612    0.560201    -2.77736
0.609165    0.934711    -1.15583
0.586689    1.06957    0.974212
0.376643    0.606397    -0.572147
0.564121    1.60637    -7.03051
0.666321    1.03289    -3.76879
0.506115    0.73287    19.4939
0.754892    0.439547    0.578388
0.530021    1.02011    0.728934
0.506312    0.849694    -2.35016
0.592656    0.987402    -1.39759
0.558447    1.02472    -0.417203
0.60003    0.782099    -0.683199
0.467771    0.995724    2.23135
0.501395    0.662701    0.240388
0.513401    1.04761    1.05048
0.410468    1.12979    -0.456403
0.594364    0.910451    1.47116
0.577016    1.29585    0.204544
0.578774    0.625898    -1.15925
0.565079    0.900497    -0.056445
0.523499    0.980706    -15.3692
0.441523    1.09457    -2.02899
0.508336    1.19309    -11.7931
0.389748    1.27793    -0.835841
0.537719    0.745664    -7.46325
0.674736    0.610303    2.70341
0.361039    0.573849    -0.181255
0.521678    0.626859    9.55802
0.442602    1.07553    0.414358
0.342609    0.839217    -7.87747
0.354748    0.717956    -0.721657
0.55331    0.874411    -0.490618
0.640507    2.33051    -0.797196
0.55265    0.762828    -1.211
0.650941    0.77087    1.71945
0.463005    0.685088    -3.65052
0.549917    1.24037    -1.28502
0.314929    0.933889    -0.397557
0.326035    0.643309    1.68219
0.451197    0.800555    0.875201
0.475648    1.52564    0.142006
0.361386    0.981301    -3.03106
0.527924    0.921271    1.92054
0.462479    0.724255    -0.985703
0.565639    1.602    -0.628918
0.625372    0.594694    -5.3965
0.334324    0.75023    1.05316
0.410772    0.598121    -1.23745
0.495499    1.10856    -3.75007
0.407558    0.856942    -0.991763
0.522461    0.971607    0.200462
0.336464    1.5033    -3.49954
0.402476    1.13393    3.53426
0.453596    0.772155    -1.28739
0.527614    0.677267    -0.998197
0.511123    1.1099    0.231473
0.345973    0.659956    -0.504435
0.443099    0.809218    0.96409
0.511014    1.15529    -0.206056
0.46709    0.719809    4.88395
0.502195    0.970868    1.03001
0.538755    1.29057    0.432728
0.375527    0.821727    -3.75641
0.26601    1.26942    0.717154
0.605997    1.22827    -0.234292
0.468599    0.842076    -0.883321
0.460561    1.03478    0.831031
0.432041    0.76128    0.397912
0.53346    1.01531    -2.99938
0.613674    0.286885    5.30305
0.315575    1.06442    2.15394
0.562226    0.697634    -0.0865382
0.47419    1.17512    1.20994
0.447546    0.983129    -1.59597
0.594555    1.39305    2.52419
0.388216    1.10198    0.709131
0.572816    0.851308    -0.200956
0.523358    1.25212    2.05001
0.431784    0.730421    0.912914
0.700264    1.13427    0.370262
0.624622    0.806179    0.578402
0.528313    1.36317    -0.369308
0.552195    0.657521    -4.11031
0.356113    1.38634    -4.87333
0.390705    0.943328    0.477296
0.524698    0.858513    0.500915
0.437579    1.41626    -0.683629
0.384141    1.12184    0.536358
0.653557    1.27462    0.00619148
0.2708    0.891837    286.654
0.41288    1.66375    2.31363
0.55182    0.822373    0.48704
0.564389    0.633413    17.6236
0.56425    0.764247    0.809059
0.434778    0.46739    -0.494326
0.507281    0.831537    -0.139254
0.339025    1.55019    -1.41803
0.47458    0.858008    0.687054
0.457728    0.81409    3.16247
0.513498    0.782769    0.0752996
0.639645    1.1084    0.842242
0.430974    0.443882    -1.37993
0.4206    1.68014    30.2258
0.481305    1.08653    -0.0949185
0.535112    1.09393    -0.136446
0.605436    1.33672    -5.91761
0.540027    1.44214    0.896641
0.369206    0.622113    0.387656
0.463124    1.20596    -0.0810397
0.380789    1.01944    -0.0173519
0.514533    0.471717    0.38106
0.354623    0.940988    1.79191
0.422849    1.25769    0.345117
0.517163    0.899131    -1.06145
0.636497    1.44035    7.95642
0.492976    0.318657    -1.62746
0.40723    0.97859    0.257427
0.529836    1.36124    -1.31427
0.476957    0.81484    -0.0785132
0.567696    0.714057    8.3908
0.539557    1.03968    -1.4315
0.565507    1.08793    -0.419671
0.551241    0.837919    -0.0679063
0.49598    0.654456    2.876
0.409413    0.88284    -2.07397
0.513316    0.776722    -0.358972
0.391386    1.19872    -0.652611
0.49184    1.08396    0.230148
0.508548    0.852615    -0.633158
0.411119    1.63392    1.13676
0.44425    1.38961    1.11326
0.49969    1.15216    -0.0929004
0.447728    0.702803    -1.54089
0.506776    0.541488    -0.605701
0.482215    0.964573    0.948899
0.398453    1.05851    0.343447
0.591027    0.821595    0.271803
0.508396    1.46875    1.74625
0.456349    0.669841    -0.858751
0.537887    1.7756    1.71205
0.374564    1.38652    -2.04031
0.406726    0.505958    -1.12305
0.53983    0.52838    4.07478
0.60553    0.567984    -2.95852
0.482097    0.880283    -0.972708
0.577087    0.531684    0.126359
0.402453    1.95503    0.227856
0.634412    0.938257    1.23826
0.53039    1.14462    0.79567
0.467453    1.07825    0.29172
0.524972    1.48381    -1.50099
0.448363    1.09819    -0.390345
0.572727    0.586733    0.0279386
0.553538    1.58642    3.58919
0.605007    1.55027    -2.50685
0.703516    1.52426    0.00319721
0.459411    0.58842    -4.69776
0.390913    1.1587    76.3091
0.524227    0.697318    52.5419
0.621264    0.808805    1.03557
0.499562    0.765646    0.598055
0.51845    0.995494    1.60107
0.539483    1.0883    0.930924
0.419696    1.25553    2.92773
0.549    1.32032    -0.785165
0.466573    1.0821    0.41096
0.528508    1.40664    -2.20737
0.53723    0.894986    1.90069
0.604449    0.903313    4.94338
0.498024    0.963391    -1.87781
0.463824    2.11376    0.969674
0.50389    1.25895    0.0774968
0.514791    1.1017    2.07054
0.458083    1.9969    0.0722187
0.40641    0.925713    0.178204
0.552389    0.485537    0.195274
0.625556    0.832413    -1.04625
0.435375    1.4181    0.205367
0.503684    0.840578    -0.419558
0.5729    0.835492    -0.240961
0.453293    0.978497    -0.137946
0.533645    0.593618    1.84032
0.444319    0.837729    -0.357867
0.602118    0.854413    6.08193
0.641959    0.487049    -0.531576
0.429077    1.70081    -0.173139
0.465364    0.821155    -1.62433
0.598925    0.648142    0.7171
0.483912    0.823467    15.3348
0.336958    1.24189    0.551564
0.325139    1.82941    -0.29771
0.59571    1.19332    -0.653367
0.393567    0.967448    1.0638
0.535726    1.19628    -0.612328
0.548305    1.19153    -0.851288
0.32608    0.93591    4.61105
0.602253    0.578297    0.729107
0.595618    0.96181    -5.84334
0.41752    0.64937    -1.95535
0.51646    0.692067    1.33267
0.798266    0.761781    0.134397
0.633397    0.659556    2.48799
0.629017    1.35778    -4.92571
0.490763    0.770452    0.411319
0.466577    1.17308    -2.48508
0.563838    1.07939    0.588437
0.547454    0.650663    25.6898
0.674042    1.21353    0.407481
0.488156    0.791574    -0.435163
0.442851    0.689591    4.15797
0.388314    1.28567    -73.0715
0.392765    0.770071    0.690764
0.339283    1.05097    0.487563
0.49638    1.10056    0.958939
0.524127    0.811394    -4.97641
0.556058    0.762353    4.0535
0.486754    0.759222    1.30383
0.603395    0.632607    -0.196168
0.553747    0.887969    0.140854
0.563981    1.08539    16.9631
0.505299    0.942125    21.0529
0.550548    0.656934    -7.48295
0.591888    0.669814    -0.03329
0.525637    0.897581    -0.292045
0.549038    1.07224    4.5488
0.600245    2.04669    -1.82143
0.529082    0.794647    -0.885208
0.381605    0.68722    -7.68929
0.58925    1.29286    -0.0492396
0.513146    1.07841    0.0187063
0.480214    0.631924    -0.368327
0.311943    0.787321    -0.531982
0.486207    0.704687    -12.0428
0.540286    0.885551    -0.200539
0.382722    0.770491    4.15699
0.472682    0.863212    0.0664949
0.493281    0.874123    -1.74114
0.649256    0.929609    7.32668
0.323558    0.859707    -294.453
0.440491    0.851239    -1.44698
0.597034    1.95178    0.245725
0.573089    0.839551    -2.06613
0.466942    1.38276    -0.736719
0.556892    1.63093    10.8729
0.377409    0.587873    0.286138
0.469715    0.748662    -0.99819
0.422936    0.903275    -0.377735
0.350119    0.813042    -9.88012
0.427688    0.990951    -0.465771
0.65407    1.34001    -0.843807
0.439805    1.38785    0.134511
0.574446    0.926133    0.27038
0.604277    1.18426    -0.312316
0.514171    0.902876    1.30506
0.421138    0.751625    -0.512342
0.44352    0.871251    -0.50008
0.481894    1.50607    -1.05089
0.446663    1.02719    -1.04162
0.561634    1.09663    1.01205
0.445957    1.03434    3.03094
0.470193    0.836041    -1.70714
0.546595    1.04372    0.317248
0.363443    1.20629    -0.506708
