0.512773    1.10469    -2.14918
0.52625    0.989027    4.8537
0.546611    0.856885    -4.16719
0.51911    1.09004    0.585824
0.482214    0.929634    1.93943
0.504042    0.892453    1.08694
0.460397    1.05605    -1.50803
0.488149    1.10585    0.28758
0.503726    1.12632    3.16018
0.501753    1.16169    -0.703989
0.478374    1.2165    1.91776
0.489783    1.07561    -6.21037
0.498821    1.05731    -0.72366
0.448564    0.918589    5.18198
0.49641    0.891165    -0.758509
0.527662    1.07971    -0.177101
0.503816    1.0531    -1.08807
0.535049    0.879604    -2.17842
0.463632    0.932554    -2.58196
0.477437    1.02759    2.26569
0.520327    1.11175    0.00802591
0.47622    1.11524    0.0946788
0.530955    1.12346    -0.663596
0.523077    1.16645    2.08548
0.461063    1.0664    -0.903096
0.507844    0.910089    1.4754
0.528361    1.09724    0.434395
0.544908    1.10456    -7.22955
0.507798    0.890405    2.38719
0.502914    0.92157    29.4297
0.497783    0.991141    0.460576
0.476227    0.943123    -3.68913
0.518392    1.04789    0.478694
0.465131    1.04586    -0.786606
0.478484    0.9667    2.53594
0.475378    1.17351    -0.174074
0.519748    1.05223    -0.597224
0.506286    0.903839    -0.084879
0.501805    1.04425    -0.780049
0.540159    1.15561    -0.764225
0.523564    0.904579    -0.943282
0.534422    0.956304    -0.468108
0.502146    0.807006    0.483798
0.491445    1.13588    -0.0998703
0.511766    1.04223    -15.3877
0.549626    0.88041    -2.96279
0.511067    0.898402    0.18557
0.462889    1.15375    0.239997
0.528493    1.11428    1.29683
0.514361    0.999338    -0.130468
0.461375    1.11638    -2.53472
0.533581    0.968305    -0.348161
0.45551    0.850302    -0.858373
0.495176    1.0053    -3.21809
0.468085    1.07446    -0.987317
0.530548    1.00572    3.55548
0.477926    1.11871    12.1746
0.482704    1.10496    0.061143
0.503109    1.06942    6.38112
0.457954    0.797437    9.58369
0.477085    0.946894    9.9889
0.496795    1.11034    12.1234
0.500569    1.10014    -0.880933
0.479894    1.05187    0.653645
0.527512    1.03645    -0.467599
0.543678    1.19931    1.16492
0.499599    0.883919    -0.0719953
0.513635    0.906271    -2.25284
0.554789    0.936594    1.35156
0.472011    1.02652    -0.31938
0.461511    1.13955    -0.279731
0.520203    0.945285    -0.345498
0.501231    0.848633    0.621998
0.524714    0.953301    -2.34005
0.508197    1.02883    0.179277
0.47917    0.95621    15.5864
0.53624    0.953283    -0.449796
0.523438    1.12156    -9.50945
0.528656    0.895459    0.65935
0.514533    1.03794    -0.415689
0.478213    1.01291    -17.1525
0.452559    1.14605    -2.8203
0.510502    0.909169    0.489385
0.458539    0.882574    0.187865
0.524874    0.819884    -3.82249
0.519572    0.819577    -0.639874
0.503343    0.92488    -2.01196
0.490363    1.22481    0.60209
0.478916    0.956608    -0.272826
0.488752    0.920008    -3.24781
0.490897    0.910559    0.50426
0.466475    1.00205    4.23576
0.525815    1.07756    1.05182
0.474964    1.03108    -0.28457
0.498724    1.00469    1.34514
0.519609    0.966371    0.132918
0.510696    1.12591    3.18193
0.50449    0.926427    0.379659
0.51445    0.930209    -0.296868
0.493173    1.02478    -11.9317
