-0.23073   0.383321   0.136277
-0.357566   0.348534   -0.117597
-0.0774711   0.204589   -0.248406
-0.309981   -0.00754559   0.0703742
0.284275   -0.0358291   -0.0787283
-0.392881   -0.486799   0.459724
0.309548   -0.219609   -0.229165
-0.414455   0.298423   0.226082
0.144788   0.294367   -0.421261
0.238161   0.27624   -0.38569
0.33929   -0.226471   0.113852
-0.428909   -0.0525949   0.436054
-0.27776   0.151254   0.206415
-0.400617   0.426423   0.143353
0.389314   0.216839   0.30126
0.182526   -0.0375144   -0.136927
-0.0573337   -0.392884   -0.489371
-0.196666   0.26321   0.378197
0.415666   -0.44258   0.311772
0.458622   -0.0795149   -0.0789572
-0.120824   -0.106238   -0.44877
0.315555   -0.348211   0.0324639
0.0866447   -0.316394   0.11974
0.0887698   0.107638   -0.286656
-0.232391   -0.12641   -0.298619
0.0625952   0.322195   -0.157653
0.426328   -0.474956   -0.0370135
0.229243   -0.106197   -0.190903
0.017917   0.116533   -0.177434
-0.275397   0.268348   -0.147979
-0.299876   -0.0490994   -0.231286
-0.276897   0.0503648   -0.0403887
-0.00391186   -0.191978   0.32966
0.312488   -0.172998   0.236169
0.289442   -0.353359   -0.388801
0.395448   -0.351864   0.466658
0.0632877   0.376523   -0.2846
0.376707   -0.288743   -0.201909
-0.225121   0.190314   0.235845
-0.443882   -0.155296   -0.449042
-0.0340146   0.496606   -0.260817
0.445468   -0.12711   -0.359506
-0.438764   -0.140442   0.118674
0.103536   0.494443   -0.110202
-0.255081   -0.104465   0.156936
-0.332509   -0.435624   -0.461125
-0.257853   -0.241254   0.257291
-0.27949   -0.203293   -0.185047
-0.136554   -0.313749   0.0743159
0.181684   -0.0593479   0.0765001
-0.372293   -0.494947   -0.0327428
0.173866   0.459282   0.17265
0.36419   0.120718   -0.406679
-0.353814   -0.467855   -0.374226
0.322373   0.469977   0.2467
-0.0528535   -0.277401   0.17983
-0.200211   0.432798   -0.471515
-0.447004   -0.040947   -0.421818
0.488044   -0.0108348   -0.24825
0.46924   0.168002   0.136988
0.0852581   0.0770333   -0.185905
-0.270046   0.192315   -0.389871
0.444892   0.124718   -0.183198
0.292102   -0.41847   -0.460042
0.147716   -0.106812   0.328646
-0.207691   -0.219715   -0.316119
-0.408091   0.323559   -0.356674
-0.0643902   0.136131   0.347754
-0.436806   -0.495005   0.136006
0.31983   0.0515321   -0.473275
-0.136504   0.172272   -0.492035
0.290908   -0.0215695   0.431937
-0.196166   -0.0838237   0.433216
0.0553559   -0.397221   0.0997263
-0.197846   0.0318872   0.125282
-0.277549   0.478032   -0.497038
0.345204   -0.0915269   -0.444371
0.158905   -0.497178   0.0500589
0.266587   -0.134148   0.143068
0.463148   -0.393104   -0.011088
-0.464117   0.394317   -0.0547216
0.370131   0.488818   0.435821
-0.336563   0.289705   -0.201318
0.321731   0.107305   0.071372
-0.324039   0.120331   0.282555
0.456175   -0.342018   -0.482602
-0.485231   0.217731   0.0804448
-0.0216161   -0.363804   0.129127
-0.47682   0.109283   0.119926
0.295504   0.263712   0.382671
0.434408   0.170276   -0.115773
0.301625   -0.451732   0.0273688
-0.470671   -0.389098   -0.411927
0.316566   -0.256682   -0.351901
0.435032   0.22307   -0.0294885
0.412528   0.35902   0.242212
-0.297646   -0.177554   -0.345791
-0.077973   0.179613   -0.0366683
0.0527445   0.322094   -0.387622
-0.460871   0.147221   -0.205214
-0.379877   0.259735   -0.133042
0.351158   0.200503   -0.0690461
-0.169305   0.358135   -0.465698
0.128056   0.37928   -0.473844
0.375373   -0.281113   0.376534
-0.179279   -0.0786097   0.125271
-0.231448   0.104823   -0.0197761
0.459994   -0.1484   0.391768
