-0.230711   0.383271   0.13631
-0.35756   0.348523   -0.117619
-0.0773859   0.204559   -0.248379
-0.309905   -0.00755151   0.0703688
0.284233   -0.0358765   -0.0787705
-0.392972   -0.486805   0.45969
0.309567   -0.2196   -0.229126
-0.414427   0.298434   0.226053
0.144821   0.294337   -0.421212
0.238109   0.276197   -0.385703
0.339291   -0.226517   0.113835
-0.428846   -0.0525717   0.436025
-0.27772   0.151301   0.206398
-0.400663   0.426482   0.143269
0.389282   0.216774   0.301256
0.182575   -0.0375177   -0.136962
-0.0573372   -0.392842   -0.489369
-0.196635   0.263282   0.378273
0.415766   -0.442555   0.311754
0.458718   -0.079478   -0.0789055
-0.120773   -0.106164   -0.448792
0.315475   -0.348227   0.0324458
0.0866426   -0.316445   0.119708
0.0887736   0.107624   -0.286711
-0.232308   -0.126455   -0.298555
0.0625288   0.322123   -0.157663
0.426343   -0.474919   -0.0369668
0.229218   -0.106212   -0.190877
0.01792   0.11648   -0.177464
-0.275318   0.268359   -0.147983
-0.299898   -0.0491024   -0.23127
-0.276909   0.0503181   -0.040451
-0.00393789   -0.19203   0.329675
0.312477   -0.172966   0.236188
0.2894   -0.353348   -0.38882
0.395437   -0.351952   0.466629
0.0632655   0.376574   -0.284597
0.376702   -0.288727   -0.201945
-0.225106   0.190338   0.23584
-0.443907   -0.155314   -0.449045
-0.0339942   0.496632   -0.260767
0.445461   -0.127078   -0.359522
-0.438832   -0.140392   0.118703
0.103474   0.494452   -0.110131
-0.255056   -0.104461   0.156958
-0.332517   -0.435605   -0.461061
-0.257848   -0.241216   0.257227
-0.279435   -0.203251   -0.18504
-0.136562   -0.313823   0.0743679
0.181662   -0.0593218   0.0765692
-0.372317   -0.494967   -0.0327297
0.173901   0.459255   0.172576
0.364221   0.120745   -0.406665
-0.3538   -0.46783   -0.374258
0.32232   0.470038   0.246717
-0.0528338   -0.277425   0.179847
-0.200196   0.43278   -0.471519
-0.446921   -0.0409486   -0.421867
0.488027   -0.0108933   -0.248234
0.469285   0.167973   0.137066
0.0852393   0.0770328   -0.185841
-0.269968   0.19233   -0.389873
0.444909   0.124748   -0.183235
0.292096   -0.418471   -0.460074
0.147674   -0.106768   0.328637
-0.207678   -0.219653   -0.316156
-0.40805   0.323588   -0.356636
-0.0644081   0.136071   0.347633
-0.436827   -0.494957   0.136039
0.319795   0.0515847   -0.473243
-0.136476   0.172245   -0.49205
0.290826   -0.0215383   0.431941
-0.196109   -0.0838196   0.43322
0.055294   -0.39716   0.0996692
-0.197826   0.0319217   0.125303
-0.277503   0.477945   -0.497042
0.34525   -0.0914928   -0.444427
0.158902   -0.497179   0.0501091
0.266613   -0.134176   0.143068
0.46318   -0.393112   -0.0110681
-0.464049   0.394385   -0.0547226
0.37011   0.488877   0.435771
-0.33651   0.289733   -0.201308
0.321715   0.107298   0.0713165
-0.324029   0.120358   0.282605
0.456141   -0.34208   -0.482605
-0.485184   0.217676   0.0804744
-0.0216141   -0.363834   0.129017
-0.47681   0.109257   0.120017
0.295475   0.263783   0.382656
0.434457   0.17029   -0.115781
0.301582   -0.451697   0.0273833
-0.470686   -0.389106   -0.411987
0.316619   -0.256708   -0.351971
0.435032   0.22308   -0.0294438
0.412529   0.359049   0.242245
-0.297627   -0.177519   -0.345813
-0.0779797   0.17961   -0.0366822
0.0527506   0.322097   -0.38765
-0.460818   0.147242   -0.205295
-0.37983   0.259792   -0.133037
0.35119   0.200491   -0.069062
-0.169295   0.358205   -0.465706
0.128016   0.379286   -0.473845
0.375441   -0.281178   0.376512
-0.179283   -0.0786007   0.125235
-0.231371   0.104814   -0.0198101
0.46   -0.148455   0.391752
