0.167933   -0.204617   -0.146066
-0.489494   0.176604   0.050439
-0.015933   0.229405   -0.0585205
-0.131627   0.196482   0.125472
0.398028   0.27946   -0.493733
0.322821   0.397281   0.252434
0.28207   -0.00457393   -0.34486
-0.453366   0.405225   0.272995
-0.476697   -0.0796977   -0.224078
0.135293   -0.122955   0.0682263
0.0633988   -0.293898   -0.294059
-0.0169621   -0.44525   -0.196782
0.275603   0.462046   -0.159266
0.00139673   0.408142   0.0691402
0.179363   -0.414754   0.336876
-0.0715273   0.364265   0.230364
-0.489067   0.139307   0.385789
-0.429843   -0.201552   -0.0377588
0.458065   0.444695   0.113723
0.267261   0.399736   0.0374936
-0.492162   0.401309   -0.340285
-0.0343081   -0.233309   -0.126063
-0.48668   -0.194302   -0.44347
0.235563   0.170464   -0.184889
-0.109558   -0.378569   0.0138041
0.087343   0.0883722   0.0251499
-0.221935   -0.364454   0.20618
-0.0170293   -0.393641   0.190716
-0.134309   -0.208882   0.322256
-0.21872   -0.0106046   0.304325
-0.00643284   0.160344   -0.486803
0.373907   0.174512   -0.337279
0.282217   -0.154806   0.245958
-0.268281   -0.144943   0.158682
0.434675   0.0702571   0.21832
-0.0589138   -0.0409362   -0.0777972
-0.121897   0.176348   0.335077
0.321051   -0.0777365   -0.153955
0.214694   0.285163   0.393338
-0.0333526   -0.0887609   0.465571
0.317392   0.117612   0.481078
-0.453863   0.213421   -0.372517
0.34443   -0.246084   -0.0213139
0.348284   -0.188152   -0.319492
-0.220714   -0.0611697   -0.458872
-0.257687   0.0780932   -0.322058
0.466169   -0.3733   -0.34206
-0.0246999   -0.126864   -0.316158
-0.273825   0.387077   0.0955469
-0.077481   -0.196593   0.110151
0.0593572   -0.308896   0.469781
0.241832   0.461581   0.480725
0.429695   0.481835   0.385703
0.486362   -0.182121   0.235194
-0.397745   0.360956   -0.0608942
-0.213815   -0.462472   0.394967
0.136175   0.408176   0.221216
-0.370986   -0.380443   0.0725785
-0.395567   -0.386507   0.302156
-0.284783   0.118927   0.447068
0.175003   -0.0174769   0.402475
0.268677   -0.329962   -0.440018
0.154477   -0.41694   -0.097198
0.338562   -0.347094   -0.200945
0.316409   -0.16262   0.470768
0.373154   -0.365626   0.186724
-0.349376   -0.472448   -0.452995
-0.229664   -0.124018   -0.25404
-0.409705   -0.0655605   0.368665
-0.156626   0.459622   -0.0733182
-0.155433   -0.491612   -0.372579
0.143199   -0.142225   -0.406572
-0.113058   0.133885   -0.184718
-0.104901   -0.00435629   0.111305
-0.299088   0.0680992   -0.104367
0.307107   0.0614368   -0.0383103
0.165597   -0.334911   0.115314
-0.374289   0.220265   -0.197037
-0.339436   0.166519   0.254986
-0.116819   0.33032   -0.263807
-0.00247683   0.487853   0.446694
-0.40469   0.32889   0.46256
0.0754156   0.21919   0.292306
0.093968   -0.0294389   -0.214626
0.04589   0.354532   -0.392055
0.405145   0.291544   -0.131921
-0.142065   0.326409   -0.476065
-0.497683   0.0451637   -0.103125
-0.301554   0.349899   -0.324972
0.000797197   0.0142157   0.291882
0.225886   0.217196   0.103976
-0.358065   -0.394366   -0.147575
0.219413   0.287345   -0.369682
0.158464   -0.466879   -0.300725
-0.212497   0.250691   -0.0503222
-0.250288   0.343655   0.309859
-0.116459   -0.277274   -0.40052
0.107602   0.339424   -0.194528
-0.238248   -0.115445   -0.0322346
0.424103   -0.314261   0.382725
0.0724608   -0.180499   0.250375
-0.309433   -0.267298   -0.334516
0.486565   -0.0121001   -0.457234
0.43469   -0.429875   -0.048041
0.423919   -0.0725973   0.0375097
-0.325603   -0.24318   0.465253
0.191597   0.0320563   0.183475
-0.329062   0.018851   0.0952153
