0.167731   -0.204528   -0.146364
-0.489482   0.176721   0.0504976
-0.0157076   0.229503   -0.0585134
-0.131591   0.196636   0.125489
0.398213   0.279386   -0.493855
0.322911   0.397359   0.252587
0.282051   -0.00464957   -0.34498
-0.453384   0.405269   0.273273
-0.47662   -0.0798875   -0.224011
0.13532   -0.123124   0.0681943
0.0632667   -0.293649   -0.294104
-0.0172202   -0.445327   -0.196718
0.275587   0.462122   -0.159317
0.00126773   0.408287   0.0691294
0.179455   -0.414734   0.336808
-0.0716733   0.364159   0.230301
-0.488915   0.139201   0.386079
-0.429957   -0.201735   -0.0376556
0.458309   0.444663   0.113765
0.267225   0.399592   0.037626
-0.492361   0.401306   -0.340302
-0.0343549   -0.233551   -0.126006
-0.486838   -0.194182   -0.443535
0.235618   0.170444   -0.185137
-0.109503   -0.378314   0.0140537
0.0874858   0.0883   0.0250377
-0.222014   -0.364412   0.206367
-0.0171134   -0.393785   0.190599
-0.134278   -0.208734   0.322167
-0.218949   -0.0104652   0.304474
-0.00618059   0.160288   -0.48687
0.374018   0.174317   -0.337337
0.282285   -0.154817   0.246055
-0.268217   -0.144759   0.158861
0.435026   0.0702615   0.218488
-0.0588193   -0.0411759   -0.0776963
-0.121991   0.17633   0.335205
0.321123   -0.0779751   -0.153905
0.214536   0.285003   0.393347
-0.0333709   -0.08872   0.465559
0.317427   0.117802   0.480992
-0.454053   0.21351   -0.372448
0.34439   -0.246013   -0.0211749
0.348217   -0.188204   -0.319681
-0.220778   -0.0609891   -0.459119
-0.257597   0.0781343   -0.32225
0.466383   -0.373182   -0.342012
-0.0247074   -0.127096   -0.316086
-0.273836   0.386985   0.0957345
-0.0774891   -0.19666   0.110331
0.0595415   -0.308966   0.470061
0.241799   0.46166   0.480734
0.429714   0.481854   0.38584
0.486516   -0.182023   0.235172
-0.39766   0.360814   -0.0609166
-0.213857   -0.462477   0.394834
0.136239   0.40823   0.221241
-0.370899   -0.380332   0.0725044
-0.395516   -0.386454   0.302134
-0.284661   0.118756   0.447084
0.175131   -0.0175321   0.402365
0.268613   -0.329764   -0.439953
0.154592   -0.416862   -0.0972934
0.338552   -0.346973   -0.200908
0.316364   -0.162618   0.470786
0.373238   -0.365654   0.186701
-0.349321   -0.472412   -0.45313
-0.229885   -0.124082   -0.253993
-0.40977   -0.065509   0.368536
-0.156466   0.459525   -0.0734097
-0.155572   -0.491607   -0.372476
0.143189   -0.142287   -0.406393
-0.11293   0.133665   -0.184763
-0.104646   -0.00422637   0.111453
-0.299131   0.0680566   -0.104444
0.306994   0.0614515   -0.0383667
0.165672   -0.334904   0.115163
-0.374249   0.220308   -0.196972
-0.339398   0.166577   0.255074
-0.116895   0.330471   -0.263862
-0.00262533   0.487842   0.446631
-0.40482   0.328948   0.462668
0.0754948   0.219146   0.292011
0.0941439   -0.0293979   -0.214697
0.0460454   0.354568   -0.392214
0.405133   0.291679   -0.131847
-0.142112   0.326305   -0.476065
-0.497715   0.045317   -0.103194
-0.301356   0.349875   -0.325205
0.000630773   0.0140996   0.292002
0.225946   0.217399   0.103939
-0.358056   -0.394142   -0.1475
0.219463   0.28738   -0.369873
0.158445   -0.46672   -0.300794
-0.212639   0.250607   -0.0502814
-0.250149   0.343675   0.309974
-0.116639   -0.277186   -0.400634
0.107443   0.339322   -0.194458
-0.238213   -0.115434   -0.0323754
0.423862   -0.314409   0.382601
0.0724729   -0.180539   0.2503
-0.309598   -0.267183   -0.334631
0.486732   -0.0121642   -0.457138
0.434484   -0.429843   -0.048156
0.424012   -0.0726866   0.0376641
-0.325388   -0.243267   0.46529
0.191534   0.0321528   0.183302
-0.329001   0.0191013   0.0952254
