           1    -1.00684    -1.00684           0
           2    -1.00282    -1.00483  0.00200704
           3     -1.0033    -1.00432  0.00126625
           4    -1.00348    -1.00411 0.000919533
           5   -0.997428    -1.00277   0.0015144
           6   -0.998705     -1.0021  0.00141021
           7   -0.999871    -1.00178  0.00123348
           8    -1.00667    -1.00239  0.00123079
           9   -0.998773    -1.00199  0.00115743
          10   -0.999314    -1.00172  0.00106919
          11    -1.00933    -1.00241  0.00118897
          12   -0.997623    -1.00201  0.00115641
          13    -1.00024    -1.00188  0.00107248
          14   -0.999853    -1.00173  0.00100338
          15   -0.991462    -1.00105  0.00115814
          16    -1.00808    -1.00149  0.00116904
          17    -1.00836    -1.00189  0.00117015
          18    -1.00436    -1.00203  0.00111174
          19    -1.00441    -1.00215  0.00105904
          20     -1.0007    -1.00208  0.00100731
           1   -0.969663   -0.969663           0
           2   -0.954645   -0.962154  0.00750892
           3   -0.960417   -0.961575  0.00437378
           4   -0.964168   -0.962223  0.00315995
           5   -0.958483   -0.961475  0.00255943
           6   -0.959674   -0.961175  0.00211123
           7    -0.95226   -0.959901  0.00219222
           8   -0.961395   -0.960088  0.00190767
           9    -0.96292   -0.960403  0.00171158
          10   -0.957346   -0.960097  0.00156111
          11    -0.96012   -0.960099  0.00141208
          12   -0.956944   -0.959836   0.0013156
          13   -0.953177   -0.959324  0.00131412
          14   -0.975391   -0.960472   0.0016725
          15   -0.958624   -0.960348  0.00156187
          16   -0.961711   -0.960434  0.00146348
          17   -0.974497   -0.961261  0.00160442
          18   -0.971008   -0.961802  0.00160666
          19   -0.966225   -0.962035  0.00153747
          20   -0.963047   -0.962086  0.00145945
           1   -0.919126   -0.919126           0
           2   -0.913628   -0.916377    0.002749
           3   -0.910836    -0.91453  0.00243516
           4   -0.909932   -0.913381  0.00207031
           5   -0.913371   -0.913379  0.00160366
           6   -0.910935   -0.912972  0.00137125
           7   -0.909119   -0.912421  0.00128298
           8   -0.914668   -0.912702  0.00114603
           9   -0.906047   -0.911962  0.00125232
          10   -0.916691   -0.912435  0.00121584
          11   -0.917825   -0.912925  0.00120396
          12   -0.912468   -0.912887  0.00109972
          13   -0.907213   -0.912451  0.00110176
          14   -0.915572   -0.912674   0.0010441
          15   -0.911119    -0.91257 0.000977516
          16   -0.913023   -0.912598 0.000914821
          17   -0.912104   -0.912569 0.000859815
          18   -0.911461   -0.912508 0.000812976
          19   -0.912125   -0.912488 0.000769263
          20   -0.910873   -0.912407 0.000734239
           1   -0.866628   -0.866628           0
           2   -0.855856   -0.861242  0.00538568
           3   -0.863767   -0.862084  0.00322135
           4    -0.86144   -0.861923  0.00228352
           5   -0.863606   -0.862259  0.00180055
           6   -0.860817   -0.862019  0.00148965
           7   -0.857174   -0.861327  0.00143673
           8   -0.855877   -0.860646  0.00141856
           9   -0.861927   -0.860788  0.00125912
          10   -0.862304   -0.860939  0.00113635
          11   -0.861787   -0.861016  0.00103074
          12   -0.863943    -0.86126  0.00097203
          13   -0.867798   -0.861763  0.00102585
          14   -0.857693   -0.861473 0.000993267
          15   -0.860795   -0.861427 0.000925782
          16   -0.867946   -0.861835 0.000957042
          17    -0.86811   -0.862204 0.000971825
          18   -0.866866   -0.862463 0.000952154
          19   -0.861749   -0.862425 0.000901431
          20   -0.859215   -0.862265 0.000870105
           1    -0.81406    -0.81406           0
           2    -0.80666    -0.81036  0.00370024
           3   -0.813803   -0.811508  0.00242516
           4   -0.814553   -0.812269  0.00187622
           5   -0.813757   -0.812566  0.00148347
           6     -0.8095   -0.812055  0.00131464
           7    -0.81915   -0.813069  0.00150388
           8   -0.807806   -0.812411  0.00145914
           9   -0.816952   -0.812916  0.00138223
          10   -0.815094   -0.813133  0.00125534
          11   -0.810932   -0.812933    0.001153
          12   -0.813612    -0.81299  0.00105406
          13   -0.809525   -0.812723  0.00100556
          14   -0.815626   -0.812931 0.000953771
          15   -0.806511   -0.812503 0.000985666
          16   -0.809812   -0.812335 0.000937222
          17   -0.810382    -0.81222 0.000887825
          18   -0.811415   -0.812175 0.000838242
          19   -0.812541   -0.812194 0.000793131
          20   -0.816249   -0.812397  0.00077927
           1   -0.770253   -0.770253           0
           2   -0.760517   -0.765385  0.00486788
           3   -0.766688    -0.76582  0.00284383
           4    -0.76982    -0.76682  0.00224584
           5   -0.773083   -0.768072  0.00214369
           6   -0.767338    -0.76795  0.00175459
           7   -0.767878    -0.76794  0.00148293
           8   -0.768497   -0.768009  0.00128614
           9   -0.770777   -0.768317  0.00117522
          10    -0.76737   -0.768222   0.0010554
          11   -0.770825   -0.768459 0.000983531
          12   -0.767712   -0.768396 0.000899992
          13   -0.770935   -0.768592 0.000850589
          14   -0.767341   -0.768502  0.00079254
          15   -0.766746   -0.768385 0.000747047
          16   -0.768685   -0.768404 0.000699048
          17   -0.763398   -0.768109 0.000719658
          18   -0.769348   -0.768178 0.000681978
          19   -0.767011   -0.768117 0.000648004
          20    -0.76919   -0.768171 0.000617087
           1   -0.721453   -0.721453           0
           2   -0.728413   -0.724933  0.00348024
           3   -0.725353   -0.725073  0.00201418
           4   -0.726088   -0.725327  0.00144668
           5   -0.727713   -0.725804    0.001218
           6   -0.724224   -0.725541  0.00102876
           7   -0.722758   -0.725143 0.000956039
           8   -0.725805   -0.725226 0.000832081
           9   -0.728937   -0.725638 0.000841724
          10   -0.723663   -0.725441 0.000778339
          11   -0.725137   -0.725413 0.000704574
          12   -0.723916   -0.725288  0.00065517
          13    -0.72568   -0.725319  0.00060342
          14   -0.724786   -0.725281 0.000559951
          15   -0.727105   -0.725402 0.000535291
          16   -0.726958   -0.725499 0.000510075
          17   -0.727299   -0.725605 0.000490689
          18   -0.729141   -0.725802 0.000502592
          19   -0.722816   -0.725645   0.0005007
          20   -0.726591   -0.725692 0.000477359
           1   -0.687228   -0.687228           0
           2    -0.68386   -0.685544  0.00168396
           3   -0.682712     -0.6846  0.00135514
           4   -0.683471   -0.684318 0.000998909
           5    -0.68486   -0.684426 0.000781307
           6    -0.69088   -0.685502  0.00125056
           7   -0.682455   -0.685067  0.00114304
           8     -0.6866   -0.685258  0.00100828
           9   -0.685457    -0.68528 0.000889491
          10   -0.681077    -0.68486 0.000899781
          11   -0.680581   -0.684471 0.000902059
          12   -0.685536    -0.68456 0.000828229
          13    -0.68272   -0.684418 0.000774887
          14   -0.683983   -0.684387  0.00071808
          15   -0.685218   -0.684443 0.000670788
          16   -0.686814   -0.684591 0.000644727
          17   -0.682436   -0.684464 0.000618739
          18   -0.686892   -0.684599 0.000598746
          19   -0.684087   -0.684572 0.000566998
          20   -0.688522   -0.684769 0.000573018
           1   -0.648104   -0.648104           0
           2   -0.648171   -0.648138   3.356e-05
           3     -0.6479   -0.648058 8.16522e-05
           4   -0.644961   -0.647284  0.00077645
           5   -0.649838   -0.647795 0.000789022
           6   -0.650995   -0.648328 0.000836391
           7   -0.648935   -0.648415 0.000712181
           8   -0.646597   -0.648188 0.000657317
           9   -0.652496   -0.648666  0.00075181
          10   -0.652441   -0.649044 0.000771144
          11   -0.647871   -0.648937 0.000705633
          12   -0.652733   -0.649254 0.000717628
          13   -0.648528   -0.649198 0.000662475
          14   -0.649505    -0.64922 0.000613726
          15   -0.650127    -0.64928  0.00057454
          16   -0.644915   -0.649007 0.000602728
          17   -0.652408   -0.649207 0.000600475
          18   -0.649491   -0.649223 0.000566351
          19   -0.648404    -0.64918 0.000537447
          20   -0.648495   -0.649146 0.000511016
           1   -0.613075   -0.613075           0
           2   -0.612299   -0.612687  0.00038812
           3   -0.616795   -0.614056  0.00138756
           4   -0.614456   -0.614156 0.000986223
           5   -0.617364   -0.614798 0.000997657
           6   -0.614583   -0.614762 0.000815368
           7   -0.611781   -0.614336 0.000810092
           8   -0.612926    -0.61416 0.000723354
           9   -0.615858   -0.614349 0.000665269
          10   -0.616552   -0.614569 0.000634529
          11   -0.614568   -0.614569 0.000573953
          12   -0.615862   -0.614677 0.000534909
          13   -0.616553   -0.614821 0.000512771
          14   -0.607596   -0.614305 0.000701225
          15   -0.616635    -0.61446  0.00067103
          16    -0.61757   -0.614655 0.000657094
          17   -0.613248   -0.614572 0.000622751
          18   -0.614182    -0.61455 0.000587534
          19    -0.61526   -0.614588 0.000557006
          20   -0.615373   -0.614627  0.00052988
           1   -0.584381   -0.584381           0
           2   -0.585741   -0.585061   0.0006802
           3   -0.585338   -0.585153 0.000403428
           4   -0.585211   -0.585168 0.000285635
           5    -0.58187   -0.584508 0.000695723
           6   -0.584685   -0.584538 0.000568821
           7   -0.584466   -0.584527  0.00048085
           8   -0.581891   -0.584198  0.00053108
           9   -0.582978   -0.584062 0.000487597
          10   -0.583545    -0.58401  0.00043918
          11   -0.583282   -0.583944 0.000402728
          12   -0.581911   -0.583775   0.0004048
          13   -0.583201   -0.583731 0.000374971
          14   -0.581555   -0.583575 0.000380362
          15   -0.585881   -0.583729 0.000386013
          16   -0.581182    -0.58357 0.000394622
          17   -0.589177     -0.5839 0.000496195
          18   -0.587539   -0.584102 0.000509646
          19   -0.589178   -0.584369 0.000551159
          20    -0.58359    -0.58433 0.000524323
           1   -0.555413   -0.555413           0
           2   -0.556626    -0.55602  0.00060656
           3   -0.554362   -0.555467  0.00065412
           4   -0.552199    -0.55465 0.000938843
           5   -0.556759   -0.555072 0.000840688
           6   -0.556861    -0.55537 0.000748374
           7   -0.554162   -0.555197 0.000655632
           8   -0.558775   -0.555645  0.00072276
           9   -0.554351   -0.555501 0.000653426
          10   -0.556046   -0.555555 0.000586982
          11   -0.558199   -0.555796 0.000582793
          12    -0.55759   -0.555945 0.000552632
          13   -0.557494   -0.556064  0.00052212
          14     -0.5558   -0.556046 0.000483758
          15   -0.557833   -0.556165  0.00046586
          16   -0.557677   -0.556259   0.0004459
          17   -0.558134   -0.556369 0.000433119
          18   -0.554855   -0.556285 0.000416931
          19   -0.555247   -0.556231 0.000398144
          20   -0.555364   -0.556187 0.000380191
           1   -0.527772   -0.527772           0
           2   -0.528625   -0.528198   0.0004266
           3   -0.528409   -0.528268 0.000256143
           4   -0.530997   -0.528951 0.000705724
           5   -0.529099    -0.52898 0.000547453
           6   -0.528251   -0.528859 0.000463227
           7   -0.532931    -0.52944 0.000701259
           8   -0.529271   -0.529419 0.000607678
           9   -0.528106   -0.529273 0.000555429
          10   -0.528161   -0.529162 0.000509091
          11   -0.528212   -0.529076 0.000468517
          12   -0.528645    -0.52904 0.000429201
          13   -0.526777   -0.528866 0.000431485
          14   -0.532412   -0.529119 0.000473019
          15   -0.529461   -0.529142 0.000440946
          16   -0.531087   -0.529263 0.000430012
          17   -0.527185   -0.529141 0.000422028
          18   -0.527998   -0.529078 0.000402929
          19   -0.529387   -0.529094 0.000381481
          20   -0.533619    -0.52932 0.000426809
           1   -0.504188   -0.504188           0
           2   -0.504081   -0.504135   5.352e-05
           3   -0.505594   -0.504621 0.000487354
           4   -0.505593   -0.504864 0.000421732
           5   -0.504522   -0.504796 0.000333778
           6   -0.505851   -0.504971  0.00032436
           7   -0.506674   -0.505215 0.000366435
           8   -0.505376   -0.505235 0.000317986
           9   -0.506488   -0.505374 0.000313107
          10   -0.507869   -0.505624 0.000375065
          11   -0.503023   -0.505387 0.000413489
          12   -0.505552   -0.505401 0.000377711
          13   -0.505087   -0.505377 0.000348283
          14   -0.505257   -0.505368 0.000322562
          15   -0.505087   -0.505349 0.000300873
          16   -0.507371   -0.505476 0.000308507
          17   -0.504064   -0.505393  0.00030145
          18   -0.504477   -0.505342 0.000288726
          19   -0.501613   -0.505146 0.000336306
          20   -0.503328   -0.505055 0.000331738
           1   -0.482106   -0.482106           0
           2   -0.483185   -0.482645  0.00053932
           3   -0.484172   -0.483154 0.000596551
           4   -0.484666   -0.483532 0.000566424
           5   -0.482515   -0.483329 0.000483643
           6   -0.486151   -0.483799 0.000614204
           7    -0.48207   -0.483552 0.000574883
           8   -0.482071   -0.483367 0.000531177
           9   -0.483677   -0.483401 0.000469714
          10   -0.484211   -0.483482 0.000427852
          11   -0.483053   -0.483443 0.000388967
          12   -0.487335   -0.483768 0.000480894
          13   -0.480647   -0.483528 0.000503311
          14   -0.484156   -0.483573 0.000468128
          15   -0.481571   -0.483439  0.00045578
          16   -0.483881   -0.483467 0.000427239
          17   -0.483875   -0.483491 0.000402039
          18   -0.482852   -0.483455 0.000380704
          19   -0.484059   -0.483487 0.000361509
          20   -0.485268   -0.483576 0.000354324
           1   -0.463909   -0.463909           0
           2   -0.464175   -0.464042  0.00013324
           3   -0.462215   -0.463433 0.000613813
           4   -0.462026   -0.463081 0.000558717
           5   -0.464964   -0.463458 0.000573622
           6   -0.464088   -0.463563 0.000479981
           7   -0.463862   -0.463605 0.000407908
           8   -0.463469   -0.463588 0.000353668
           9   -0.461442    -0.46335 0.000392623
          10   -0.462054    -0.46322 0.000374338
          11   -0.461674    -0.46308 0.000366638
          12   -0.463372   -0.463104 0.000335579
          13   -0.460855   -0.462931 0.000353866
          14   -0.462687   -0.462914 0.000328081
          15   -0.460158    -0.46273 0.000356433
          16   -0.462843   -0.462737 0.000333488
          17   -0.462378   -0.462716 0.000313967
          18   -0.461375   -0.462641 0.000305237
          19   -0.462351   -0.462626 0.000289129
          20   -0.464169   -0.462703 0.000284938
           1     -1.0066     -1.0066           0
           2    -1.00289    -1.00475  0.00185688
           3    -1.00327    -1.00425  0.00117988
           4    -1.00346    -1.00406 0.000857495
           5   -0.997508    -1.00275  0.00146831
           6   -0.998654    -1.00206  0.00137927
           7   -0.999977    -1.00177  0.00120323
           8     -1.0067    -1.00238  0.00121083
           9   -0.998828    -1.00199  0.00113855
          10   -0.999246    -1.00171  0.00105461
          11    -1.00936    -1.00241  0.00118012
          12   -0.997667    -1.00201  0.00114747
          13    -1.00018    -1.00187  0.00106493
          14   -0.999844    -1.00173 0.000996514
          15   -0.991469    -1.00104  0.00115252
          16    -1.00802    -1.00148  0.00116296
          17    -1.00841    -1.00189  0.00116592
          18    -1.00433    -1.00202  0.00110755
          19    -1.00434    -1.00214  0.00105469
          20    -1.00074    -1.00207  0.00100304
           1   -0.969707   -0.969707           0
           2   -0.954741   -0.962224  0.00748284
           3   -0.960469   -0.961639  0.00435966
           4   -0.964202    -0.96228  0.00314862
           5   -0.958683    -0.96156  0.00254281
           6   -0.959722   -0.961254  0.00209867
           7   -0.952586   -0.960016  0.00216315
           8   -0.961324   -0.960179  0.00188046
           9   -0.963097   -0.960503  0.00168979
          10   -0.957292   -0.960182  0.00154514
          11   -0.959841   -0.960151  0.00139798
          12   -0.956978   -0.959887  0.00130329
          13   -0.953324   -0.959382  0.00130081
          14   -0.975506   -0.960534  0.00166637
          15   -0.958422   -0.960393  0.00155768
          16   -0.961946    -0.96049  0.00146031
          17   -0.974345   -0.961305  0.00159557
          18   -0.970724   -0.961828  0.00159273
          19   -0.966409   -0.962069  0.00152575
          20   -0.962996   -0.962116  0.00144819
           1   -0.918938   -0.918938           0
           2   -0.913593   -0.916266   0.0026724
           3   -0.910849    -0.91446  0.00237487
           4   -0.909867   -0.913312  0.00203428
           5   -0.913183   -0.913286  0.00157596
           6   -0.910939   -0.912895  0.00134491
           7   -0.909471   -0.912406  0.00123742
           8   -0.914534   -0.912672  0.00110418
           9   -0.906197   -0.911952  0.00121072
          10    -0.91673    -0.91243   0.0011836
          11   -0.917953   -0.912932  0.00118249
          12   -0.912391   -0.912887   0.0010804
          13   -0.906937   -0.912429  0.00109415
          14   -0.915479   -0.912647  0.00103614
          15   -0.911156   -0.912548 0.000969702
          16   -0.912997   -0.912576 0.000907507
          17   -0.912055   -0.912545 0.000853005
          18   -0.911313   -0.912477 0.000807128
          19   -0.912305   -0.912468  0.00076352
          20   -0.910912    -0.91239 0.000728506
           1   -0.866703   -0.866703           0
           2   -0.855708   -0.861205  0.00549752
           3   -0.863928   -0.862113  0.00330124
           4    -0.86146    -0.86195  0.00234002
           5   -0.863146   -0.862189   0.0018283
           6   -0.860902   -0.861975  0.00150814
           7   -0.857257   -0.861301  0.00144179
           8    -0.85597   -0.860634  0.00141531
           9   -0.861758   -0.860759  0.00125442
          10   -0.862121   -0.860895  0.00113021
          11   -0.862272    -0.86102  0.00102995
          12   -0.863937   -0.861264 0.000971116
          13   -0.867596   -0.861751  0.00101749
          14   -0.857813   -0.861469   0.0009831
          15   -0.860897   -0.861431 0.000916011
          16   -0.867895   -0.861835 0.000947302
          17   -0.868187   -0.862209 0.000965087
          18   -0.866755   -0.862461 0.000944295
          19   -0.861405   -0.862406 0.000894941
          20   -0.858755   -0.862223 0.000868415
           1    -0.99913    -0.99913           0
           2   -0.998176   -0.998653  0.00047724
           3    -1.00259   -0.999966    0.001341
           4    -1.00291     -1.0007  0.00120081
           5    -1.00761    -1.00208  0.00166496
           6    -1.00791    -1.00305   0.0016704
           7     -1.0018    -1.00287   0.0014231
           8    -1.01033    -1.00381  0.00154529
           9   -0.999016    -1.00327  0.00146309
          10   -0.997916    -1.00274  0.00141409
          11    -1.00458    -1.00291  0.00128997
          12   -0.999005    -1.00258  0.00122162
          13    -1.01004    -1.00315  0.00126171
          14    -1.00442    -1.00324  0.00117161
          15   -0.998484    -1.00293  0.00113594
          16   -0.996757    -1.00254  0.00113039
          17    -1.00768    -1.00284  0.00110407
          18    -1.00118    -1.00275  0.00104503
          19     -1.0046    -1.00285  0.00099327
          20    -1.00279    -1.00285 0.000942304
           1   -0.955982   -0.955982           0
           2   -0.950518    -0.95325  0.00273184
           3   -0.979864   -0.962121  0.00901029
           4   -0.974733   -0.965274  0.00710872
           5   -0.971092   -0.966438  0.00562798
           6   -0.960551   -0.965457   0.0046988
           7   -0.967642   -0.965769  0.00398346
           8   -0.968912   -0.966162  0.00347209
           9   -0.967002   -0.966255  0.00306352
          10   -0.960739   -0.965703  0.00279506
          11   -0.978881   -0.966901  0.00279769
          12   -0.973832   -0.967479  0.00261841
          13   -0.969915   -0.967666  0.00241586
          14   -0.961401   -0.967219  0.00228099
          15   -0.978027   -0.967939   0.0022424
          16    -0.95129   -0.966899   0.0023415
          17   -0.955857   -0.966249  0.00229336
          18   -0.969411   -0.966425  0.00216933
          19   -0.978518   -0.967061  0.00214842
          20   -0.969618   -0.967189  0.00204217
           1   -0.907409   -0.907409           0
           2   -0.922778   -0.915093  0.00768476
           3   -0.921233    -0.91714  0.00488603
           4    -0.90732   -0.914685  0.00423838
           5   -0.914344   -0.914617  0.00328374
           6   -0.923841   -0.916154  0.00309068
           7   -0.922798   -0.917103  0.00277918
           8   -0.912854   -0.916572  0.00246475
           9   -0.923579   -0.917351  0.00230891
          10   -0.914322   -0.917048  0.00208724
          11    -0.89735   -0.915257  0.00260212
          12   -0.920006   -0.915653  0.00240814
          13   -0.923352   -0.916245  0.00229298
          14   -0.915793   -0.916213  0.00212313
          15   -0.911918   -0.915927  0.00199716
          16   -0.908499   -0.915462  0.00192499
          17   -0.920519    -0.91576  0.00183251
          18   -0.931491   -0.916634  0.00193617
          19   -0.917836   -0.916697  0.00183253
          20   -0.906959    -0.91621  0.00180538
           1   -0.861882   -0.861882           0
           2   -0.857354   -0.859618  0.00226436
           3   -0.860934   -0.860056  0.00137892
           4   -0.861837   -0.860502  0.00107182
           5   -0.867074   -0.861816  0.00155474
           6   -0.862319     -0.8619   0.0012722
           7    -0.86016   -0.861651  0.00110357
           8    -0.86069   -0.861531 0.000963236
           9   -0.863088   -0.861704 0.000866924
          10   -0.857568   -0.861291 0.000878799
          11   -0.863359   -0.861479 0.000816841
          12   -0.859897   -0.861347 0.000757231
          13   -0.854983   -0.860857 0.000851344
          14   -0.859668   -0.860772 0.000792754
          15    -0.86581   -0.861108 0.000810841
          16   -0.858014   -0.860915 0.000782739
          17   -0.863747   -0.861081 0.000753888
          18   -0.855933   -0.860795 0.000766157
          19   -0.860455   -0.860777 0.000724933
          20   -0.873275   -0.861402 0.000929217
           1    -0.81331    -0.81331           0
           2   -0.810905   -0.812108  0.00120264
           3   -0.810335   -0.811517 0.000911783
           4   -0.809011    -0.81089 0.000898986
           5   -0.811697   -0.811052   0.0007148
           6   -0.814343     -0.8116 0.000800941
           7   -0.811049   -0.811522 0.000681477
           8   -0.814834   -0.811936  0.00072093
           9   -0.814903   -0.812265 0.000716229
          10   -0.808849   -0.811924 0.000726013
          11   -0.814154   -0.812127 0.000687296
          12   -0.813834   -0.812269 0.000643348
          13   -0.811992   -0.812247 0.000592178
          14   -0.810549   -0.812126 0.000561507
          15   -0.815984   -0.812383 0.000582563
          16   -0.813842   -0.812474 0.000552508
          17   -0.818884   -0.812852 0.000641493
          18   -0.812016   -0.812805 0.000606586
          19   -0.812604   -0.812795  0.00057387
          20   -0.813323   -0.812821 0.000545062
           1   -0.771513   -0.771513           0
           2   -0.763705   -0.767609  0.00390408
           3   -0.765687   -0.766969  0.00234331
           4   -0.768192   -0.767275  0.00168497
           5   -0.770822   -0.767984  0.00148555
           6   -0.766489   -0.767735  0.00123827
           7   -0.769538   -0.767992  0.00107775
           8   -0.766302   -0.767781 0.000956963
           9    -0.76621   -0.767607 0.000861836
          10    -0.76269   -0.767115 0.000914287
          11   -0.763146   -0.766754 0.000902275
          12    -0.76444   -0.766561 0.000845939
          13   -0.770613   -0.766873 0.000838247
          14    -0.76905   -0.767028 0.000791487
          15    -0.76639   -0.766986 0.000738064
          16   -0.770652   -0.767215 0.000727418
          17   -0.765417   -0.767109 0.000691425
          18   -0.765172   -0.767002 0.000660707
          19   -0.768388   -0.767075 0.000629215
          20   -0.763646   -0.766903 0.000621046
           1   -0.724374   -0.724374           0
           2   -0.726024   -0.725199  0.00082488
           3    -0.72117   -0.723856  0.00142503
           4   -0.724607   -0.724044    0.001025
           5   -0.720054   -0.723246  0.00112567
           6   -0.721609   -0.722973 0.000958733
           7   -0.724838   -0.723239 0.000852941
           8   -0.725089    -0.72347 0.000774008
           9   -0.729626   -0.724154   0.0009663
          10   -0.718731   -0.723612  0.00102035
          11   -0.723568   -0.723608 0.000922954
          12   -0.723236   -0.723577  0.00084311
          13   -0.725946   -0.723759 0.000796665
          14    -0.72183   -0.723621 0.000750329
          15    -0.72464   -0.723689 0.000701809
          16   -0.724338    -0.72373 0.000657733
          17   -0.722852   -0.723678 0.000619987
          18   -0.725379   -0.723773 0.000592115
          19   -0.730324   -0.724117 0.000657727
          20    -0.72554   -0.724189 0.000628017
           1   -0.680706   -0.680706           0
           2   -0.687593   -0.684149  0.00344324
           3   -0.687368   -0.685222  0.00225903
           4   -0.685706   -0.685343  0.00160195
           5   -0.682297   -0.684734  0.00138237
           6   -0.685559   -0.684872  0.00113703
           7   -0.681254   -0.684355  0.00109115
           8   -0.685881   -0.684546 0.000964035
           9   -0.681246   -0.684179 0.000925854
          10   -0.685997   -0.684361 0.000847828
          11   -0.686252   -0.684533 0.000785934
          12   -0.681786   -0.684304  0.00075309
          13   -0.684915   -0.684351 0.000694337
          14   -0.688307   -0.684633 0.000702192
          15   -0.685867   -0.684716 0.000658856
          16   -0.691623   -0.685147 0.000752452
          17    -0.68421   -0.685092 0.000708953
          18   -0.683905   -0.685026 0.000671655
          19   -0.688569   -0.685213  0.00066212
          20   -0.687117   -0.685308  0.00063532
           1   -0.651024   -0.651024           0
           2   -0.651496    -0.65126    0.000236
           3   -0.649036   -0.650519 0.000753751
           4    -0.65141   -0.650742 0.000577643
           5   -0.646807   -0.649955 0.000905257
           6   -0.650671   -0.650074 0.000748707
           7   -0.648786    -0.64989 0.000659001
           8     -0.6448   -0.649254 0.000854708
           9   -0.650372   -0.649378 0.000763952
          10   -0.646823   -0.649122 0.000729487
          11   -0.643061   -0.648571 0.000859684
          12   -0.652237   -0.648877 0.000842133
          13   -0.646977   -0.648731 0.000788318
          14   -0.649239   -0.648767 0.000730743
          15   -0.646289   -0.648602 0.000700055
          16   -0.649658   -0.648668 0.000658161
          17   -0.649396   -0.648711 0.000619719
          18   -0.650157   -0.648791 0.000589775
          19   -0.650579   -0.648885 0.000565754
          20   -0.648109   -0.648846 0.000538123
           1   -0.617229   -0.617229           0
           2   -0.615767   -0.616498  0.00073104
           3   -0.612647   -0.615214  0.00135126
           4   -0.616339   -0.615495 0.000995986
           5   -0.616762   -0.615749 0.000812008
           6   -0.613385   -0.615355 0.000771215
           7   -0.612215   -0.614906 0.000791232
           8   -0.617902   -0.615281 0.000780896
           9     -0.6152   -0.615272 0.000688744
          10   -0.616467   -0.615391 0.000627523
          11   -0.613628   -0.615231 0.000589827
          12   -0.618373   -0.615493 0.000598723
          13   -0.613744   -0.615358 0.000566932
          14   -0.615668    -0.61538 0.000525343
          15   -0.616399   -0.615448 0.000493763
          16   -0.613868    -0.61535 0.000472313
          17   -0.615921   -0.615383 0.000444935
          18   -0.614485   -0.615333 0.000422443
          19   -0.618998   -0.615526 0.000443696
          20   -0.614621   -0.615481  0.00042335
           1   -0.581892   -0.581892           0
           2   -0.583545   -0.582718   0.0008264
           3   -0.590122   -0.585186  0.00251354
           4   -0.585666   -0.585306  0.00178138
           5   -0.582394   -0.584724  0.00149772
           6    -0.58378   -0.584566  0.00123295
           7   -0.582346   -0.584249  0.00108924
           8   -0.583981   -0.584216 0.000943905
           9   -0.583346   -0.584119  0.00083804
          10   -0.585208   -0.584228  0.00075743
          11   -0.585201   -0.584316 0.000690807
          12   -0.581254   -0.584061 0.000680284
          13   -0.586778    -0.58427 0.000659743
          14   -0.580648   -0.584011 0.000663333
          15    -0.58239   -0.583903 0.000626918
          16     -0.5819   -0.583778 0.000599639
          17   -0.584761   -0.583836 0.000566221
          18    -0.58592   -0.583952 0.000546252
          19   -0.578975    -0.58369 0.000579296
          20    -0.58503   -0.583757 0.000553637
           1   -0.553807   -0.553807           0
           2   -0.558146   -0.555977  0.00216964
           3   -0.554069   -0.555341  0.00140485
           4    -0.55449   -0.555128  0.00101587
           5   -0.559063   -0.555915  0.00111298
           6   -0.559346   -0.556487  0.00107373
           7   -0.555973   -0.556414 0.000910435
           8   -0.557299   -0.556524 0.000796193
           9   -0.555136    -0.55637 0.000718907
          10   -0.555588   -0.556292 0.000647746
          11    -0.55424   -0.556105 0.000614886
          12   -0.557678   -0.556236 0.000576399
          13   -0.555662   -0.556192 0.000532047
          14   -0.557101   -0.556257 0.000496839
          15   -0.557448   -0.556337 0.000469302
          16   -0.555889   -0.556309 0.000439883
          17   -0.555838   -0.556281 0.000414124
          18   -0.552377   -0.556064 0.000446644
          19   -0.557709   -0.556151 0.000431265
          20   -0.557763   -0.556231 0.000417001
           1   -0.527811   -0.527811           0
           2   -0.530333   -0.529072  0.00126104
           3   -0.527315   -0.528486 0.000934496
           4   -0.533557   -0.529754  0.00142953
           5   -0.529339   -0.529671  0.00111041
           6   -0.529073   -0.529571 0.000912103
           7   -0.528046   -0.529354  0.00080108
           8   -0.527253   -0.529091 0.000741765
           9   -0.527902   -0.528959 0.000667393
          10   -0.529666    -0.52903 0.000601103
          11   -0.527724   -0.528911 0.000556519
          12   -0.529691   -0.528976 0.000512175
          13    -0.52989   -0.529046 0.000476356
          14   -0.526781   -0.528884 0.000469772
          15    -0.52903   -0.528894 0.000437442
          16    -0.53036   -0.528986 0.000419326
          17   -0.526911   -0.528864 0.000412362
          18   -0.528999   -0.528871 0.000388851
          19   -0.529284   -0.528893 0.000368456
          20   -0.525712   -0.528734 0.000384036
           1   -0.502427   -0.502427           0
           2   -0.509726   -0.506076  0.00364976
           3   -0.508722   -0.506958  0.00228424
           4   -0.504965    -0.50646  0.00169031
           5   -0.512067   -0.507581  0.00172394
           6   -0.507367   -0.507546  0.00140804
           7   -0.511049   -0.508046  0.00129099
           8    -0.50653   -0.507857  0.00113399
           9   -0.507488   -0.507816  0.00100092
          10   -0.507663     -0.5078 0.000895383
          11   -0.504299   -0.507482 0.000870216
          12   -0.506041   -0.507362 0.000803415
          13   -0.504988   -0.507179 0.000761258
          14   -0.503198   -0.506895 0.000760001
          15   -0.507546   -0.506938 0.000708852
          16   -0.503184   -0.506704 0.000703373
          17   -0.506456   -0.506689 0.000660865
          18   -0.503017   -0.506485 0.000655612
          19   -0.506686   -0.506496 0.000620237
          20   -0.506459   -0.506494 0.000588411
           1   -0.483651   -0.483651           0
           2   -0.480726   -0.482188  0.00146228
           3   -0.482187   -0.482188 0.000844248
           4   -0.482627   -0.482298  0.00060698
           5   -0.483551   -0.482548 0.000532769
           6   -0.485317    -0.48301 0.000634117
           7   -0.488411   -0.483781 0.000939473
           8   -0.483724   -0.483774 0.000813639
           9   -0.483426   -0.483735 0.000718604
          10   -0.487115   -0.484073 0.000726188
          11   -0.484494   -0.484112 0.000657975
          12   -0.486373     -0.4843 0.000629515
          13   -0.483905    -0.48427 0.000579866
          14      -0.485   -0.484322 0.000539378
          15    -0.48678   -0.484486 0.000528188
          16   -0.483857   -0.484447 0.000495634
          17   -0.485704    -0.48452 0.000471403
          18   -0.483057   -0.484439 0.000451819
          19   -0.481463   -0.484282 0.000455181
          20    -0.48345   -0.484241 0.000433823
           1   -0.464511   -0.464511           0
           2   -0.461878   -0.463194  0.00131608
           3   -0.463341   -0.463243 0.000761411
           4   -0.468606   -0.464584  0.00144476
           5    -0.46338   -0.464343  0.00114471
           6   -0.460668   -0.463731  0.00111752
           7   -0.464187   -0.463796 0.000946727
           8   -0.462184   -0.463594 0.000844272
           9   -0.460945     -0.4633 0.000800677
          10   -0.464283   -0.463398 0.000722862
          11   -0.464796   -0.463525 0.000666083
          12    -0.45941   -0.463182 0.000698075
          13   -0.462653   -0.463142 0.000643424
          14    -0.45786   -0.462764 0.000705123
          15   -0.464725   -0.462895 0.000669325
          16   -0.459905   -0.462708 0.000653391
          17   -0.466857   -0.462952 0.000660499
          18   -0.462239   -0.462913 0.000623985
          19   -0.460522   -0.462787 0.000603492
          20   -0.464816   -0.462888 0.000581446
