           1     93.3753     93.3753           0
           2     89.0063     91.1908      2.1845
           3     90.0192     90.8003      1.3203
           4     89.3141     90.4287     1.00481
           5     84.6023     89.2635     1.40131
           6     89.6526     89.3283       1.146
           7     88.4919     89.2088    0.975892
           8     91.7213     89.5229    0.901612
           9     88.1804     89.3737    0.809017
          10     86.8944     89.1258    0.764904
          11     93.7027     89.5419    0.807357
          12     87.4924     89.3711    0.756543
          13     88.7045     89.3198    0.697805
          14     87.3445     89.1787    0.661269
          15     80.2981     88.5867    0.854098
          16     93.5354      88.896    0.856716
          17     93.7521     89.1816    0.853939
          18     91.1711     89.2922    0.812653
          19     90.9255     89.3781    0.773485
          20     86.4279     89.2306    0.748472
           1      59.734      59.734           0
           2     51.3652     55.5496     4.18441
           3     54.9395     55.3462     2.42441
           4     56.3761     55.6037     1.73355
           5     53.5189     55.1867     1.40605
           6     52.5779     54.7519     1.22761
           7     49.1404     53.9503     1.31114
           8     53.7126     53.9206     1.13587
           9     55.9529     54.1464     1.02688
          10     51.8152     53.9133     0.94759
          11     52.9409     53.8249    0.861674
          12     52.9753     53.7541    0.789777
          13      52.234     53.6371    0.735839
          14     63.9412     54.3731      1.0029
          15     54.2445     54.3646    0.933691
          16     56.6167     54.5053    0.884658
          17     62.7486     54.9902    0.962119
          18     61.5091     55.3524    0.976719
          19     57.7144     55.4767     0.93221
          20     55.8412     55.4949     0.88456
           1     34.8705     34.8705           0
           2      32.754     33.8123     1.05826
           3     30.8199     32.8148     1.16972
           4     31.4903     32.4837    0.890936
           5     33.7526     32.7374      0.7353
           6      32.138     32.6375    0.608625
           7     29.5181     32.1919     0.68057
           8     32.5532     32.2371    0.591118
           9     27.3852      31.698    0.749928
          10      34.887     32.0169    0.742706
          11     34.9001      32.279    0.721125
          12     32.4156     32.2904    0.658393
          13     29.2048      32.053    0.650482
          14     32.5361     32.0875    0.603217
          15      31.969     32.0796     0.56162
          16     30.3337     31.9705    0.536561
          17      32.087     31.9774    0.504058
          18     32.9236     32.0299    0.478129
          19     33.0131     32.0817    0.455216
          20     31.1736     32.0363    0.434236
           1     21.2373     21.2373           0
           2     17.6647      19.451     1.78629
           3     19.8844     19.5955     1.04138
           4     17.4292     19.0539    0.914074
           5     20.3137     19.3059     0.75153
           6     17.7415     19.0451    0.666716
           7     16.9481     18.7456    0.638167
           8     17.6976     18.6146     0.56798
           9     19.8208     18.7486    0.518532
          10     17.7126      18.645     0.47522
          11     19.1236     18.6885    0.432049
          12     19.5829      18.763    0.401386
          13     20.3377     18.8842    0.388583
          14     17.9993      18.821    0.365267
          15     18.7052     18.8132    0.340133
          16     20.4253      18.914    0.333738
          17     20.9469     19.0336    0.335525
          18     21.0578      19.146    0.335731
          19     19.3856     19.1586     0.31782
          20     18.5979     19.1306    0.302811
           1     11.5762     11.5762           0
           2      10.974     11.2751    0.301093
           3     11.6495     11.3999    0.213997
           4     12.1085     11.5771     0.23298
           5     12.2421     11.7101    0.224183
           6     12.0773     11.7713    0.193008
           7     11.5763     11.7434    0.165482
           8     11.2595     11.6829    0.155554
           9     12.9798      11.827    0.198959
          10      12.505     11.8948    0.190429
          11      11.033     11.8165     0.18923
          12     11.6663      11.804    0.173195
          13     10.5863     11.7103    0.184809
          14     12.1764     11.7436    0.174309
          15     9.60957     11.6013    0.215807
          16     11.4047      11.589    0.202243
          17       11.54     11.5862    0.189996
          18     11.6383     11.5891    0.179154
          19     12.6057     11.6426    0.177709
          20     11.5373     11.6373    0.168672
           1     8.70352     8.70352           0
           2     7.64127      8.1724    0.531124
           3     8.59361      8.3128     0.33726
           4     8.76929     8.42692    0.264378
           5     8.58715     8.45897    0.207279
           6     7.75833     8.34219    0.205619
           7     8.26039     8.33051    0.174172
           8     8.83473     8.39354    0.163476
           9     8.83434     8.44251    0.152264
          10     8.11651     8.40991    0.140037
          11     8.65213     8.43193    0.128568
          12     8.00004     8.39594     0.12276
          13     8.22627     8.38289    0.113675
          14     8.27047     8.37486    0.105548
          15      8.4986     8.38311   0.0986057
          16     8.45384     8.38753   0.0923431
          17     8.25025     8.37946   0.0871163
          18     8.47924       8.385   0.0823209
          19     8.59849     8.39623   0.0786743
          20     8.35524     8.39419   0.0746652
           1     6.18176     6.18176           0
           2     6.56768     6.37472     0.19296
           3     6.30001     6.34982    0.114155
           4     6.48764     6.38427   0.0877654
           5     6.71708     6.45083   0.0951429
           6     5.77668     6.33848      0.1366
           7      5.8414     6.26746    0.135539
           8     6.36207     6.27929    0.117974
           9     6.53404     6.30759    0.107825
          10     5.71121     6.24796    0.113392
          11     6.06559     6.23138    0.103898
          12     5.57895     6.17701    0.109323
          13     6.18597      6.1777    0.100565
          14     6.00071     6.16506   0.0939597
          15     6.02092     6.15545   0.0879979
          16     6.40974     6.17134   0.0838348
          17     5.98905     6.16062   0.0794758
          18     6.43053     6.17561   0.0764162
          19     5.70244     6.15071   0.0764522
          20      6.3581     6.16108   0.0732665
           1     4.46969     4.46969           0
           2     4.71244     4.59106    0.121377
           3     4.63765     4.60659   0.0717766
           4     4.78551     4.65132   0.0676518
           5     4.23454     4.56797   0.0984598
           6     4.82712     4.61116   0.0912605
           7     4.72348      4.6272   0.0787806
           8     5.04395      4.6793   0.0858397
           9     4.67196     4.67848   0.0757079
          10     4.62017     4.67265   0.0679658
          11     4.66397     4.67186   0.0614824
          12     4.90871      4.6916   0.0594948
          13     4.53932     4.67988   0.0559668
          14     4.69094     4.68067   0.0518212
          15     4.91205      4.6961   0.0506488
          16     4.57343     4.68843    0.047994
          17     4.85313     4.69812   0.0461118
          18     4.67497     4.69683   0.0434936
          19     4.87323     4.70612   0.0421753
          20     4.80846     4.71123   0.0403369
           1      3.7155      3.7155           0
           2     3.71897     3.71723  0.00173846
           3     3.61938     3.68462   0.0326339
           4     3.79279     3.71166   0.0355513
           5     3.61103     3.69153   0.0341081
           6     3.94213      3.7333   0.0501991
           7     3.70714     3.72956   0.0425903
           8     3.87103     3.74725   0.0409044
           9     3.77474      3.7503   0.0362034
          10     3.97788     3.77306   0.0395788
          11     3.76275     3.77212   0.0358126
          12     3.68225     3.76463   0.0335393
          13     3.61092     3.75281   0.0330398
          14     3.77302     3.75425   0.0306229
          15      3.9133     3.76486   0.0304163
          16      3.7033     3.76101   0.0287108
          17     3.74852     3.76027   0.0269791
          18     3.79793     3.76237    0.025522
          19      3.7027     3.75922   0.0243448
          20     3.59382     3.75095   0.0245316
           1     3.04814     3.04814           0
           2     3.04146      3.0448     0.00334
           3     3.12005     3.06988    0.025155
           4     2.98571     3.04884    0.027553
           5     3.13252     3.06558   0.0271217
           6      3.1014     3.07155   0.0229355
           7     3.09597     3.07504   0.0196954
           8     2.91567     3.05512   0.0262249
           9     3.15243     3.06593   0.0255311
          10     2.95523     3.05486   0.0253775
          11     3.01918     3.05162   0.0231828
          12     3.12922     3.05808   0.0221289
          13     3.02574     3.05559    0.020507
          14     2.88114     3.04313     0.02271
          15     3.17993     3.05225   0.0230249
          16     2.88083     3.04154   0.0240555
          17     3.06429     3.04288   0.0226358
          18     3.18381     3.05071   0.0227321
          19     2.96754     3.04633   0.0219434
          20     3.06991     3.04751   0.0208507
           1     2.68177     2.68177           0
           2     2.70709     2.69443   0.0126587
           3     2.63811     2.67566   0.0201449
           4     2.62602     2.66325   0.0188924
           5     2.69783     2.67016   0.0161862
           6     2.62079     2.66194    0.015568
           7     2.55078     2.64606   0.0206222
           8     2.64073     2.64539   0.0178717
           9     2.49915     2.62914   0.0226376
          10     2.62236     2.62846    0.020259
          11      2.5451     2.62088   0.0198301
          12     2.51081     2.61171   0.0202939
          13     2.47338     2.60107   0.0214876
          14     2.60193     2.60113   0.0198937
          15     2.79161     2.61383   0.0224552
          16     2.50047     2.60675   0.0221676
          17     2.65786     2.60975   0.0210387
          18     2.55099     2.60649   0.0201023
          19     2.63997     2.60825   0.0190964
          20      2.5987     2.60777   0.0181227
           1      2.1751      2.1751           0
           2     2.30004     2.23757     0.06247
           3     2.30741     2.26085   0.0429278
           4     2.19695     2.24487   0.0343016
           5     2.19401      2.2347   0.0284504
           6     2.20012     2.22894   0.0239339
           7     2.22911     2.22896   0.0202278
           8     2.30305     2.23822   0.0198147
           9     2.29783     2.24485   0.0186877
          10     2.18696     2.23906   0.0176887
          11     2.33268     2.24757   0.0181231
          12     2.27511     2.24986   0.0167025
          13     2.31676     2.25501   0.0162028
          14     2.20938     2.25175   0.0153509
          15     2.35039     2.25833   0.0157313
          16     2.33165     2.26291   0.0154123
          17     2.16874     2.25737   0.0155009
          18     2.25488     2.25723   0.0146151
          19     2.16609     2.25243   0.0146331
          20     2.26583      2.2531   0.0138983
           1     1.92136     1.92136           0
           2     1.95088     1.93612   0.0147553
           3       1.955     1.94241   0.0105919
           4     1.98963     1.95422   0.0139792
           5     1.93955     1.95128   0.0112187
           6     1.88282     1.93987   0.0146326
           7     2.02678     1.95229   0.0175233
           8     1.91588     1.94774   0.0158434
           9     1.96907     1.95011   0.0141721
          10     1.91328     1.94642   0.0132001
          11     1.93659     1.94553   0.0119733
          12     1.95296     1.94615   0.0109476
          13     1.87858     1.94095   0.0113326
          14     1.88689     1.93709   0.0111801
          15     1.85449     1.93158   0.0117751
          16     1.94428     1.93238   0.0110431
          17     2.04568     1.93904   0.0123299
          18     1.87141     1.93528    0.012217
          19     1.98954     1.93814   0.0119037
          20     2.05002     1.94373   0.0126024
           1     1.76608     1.76608           0
           2     1.71433     1.74021   0.0258756
           3     1.72767     1.73603   0.0155132
           4     1.67484     1.72073   0.0188236
           5     1.70641     1.71787   0.0148593
           6     1.74285     1.72203   0.0128273
           7     1.73484     1.72386   0.0109944
           8      1.7278     1.72435  0.00953413
           9     1.80914     1.73377   0.0126275
          10     1.71677     1.73207   0.0114216
          11     1.72566     1.73149   0.0103477
          12     1.72572     1.73101  0.00945833
          13     1.75719     1.73302  0.00893035
          14     1.74839     1.73412   0.0083404
          15     1.72887     1.73377  0.00777239
          16     1.71711     1.73273  0.00734459
          17     1.78802     1.73598  0.00762728
          18     1.71151     1.73462  0.00731846
          19     1.63231     1.72924  0.00877031
          20     1.66923     1.72624  0.00884469
           1     1.52866     1.52866           0
           2     1.48906     1.50886      0.0198
           3     1.51126     1.50966   0.0114594
           4     1.55965     1.52216   0.0148954
           5     1.57971     1.53367   0.0162981
           6     1.56565       1.539   0.0143353
           7     1.48828     1.53176   0.0141168
           8     1.46864     1.52387   0.0145501
           9     1.47035     1.51792    0.014143
          10     1.48286     1.51441   0.0131267
          11     1.58143     1.52051   0.0133455
          12     1.56145     1.52392   0.0126514
          13     1.51756     1.52343   0.0116479
          14     1.57577     1.52717   0.0114136
          15     1.49908     1.52529   0.0107893
          16     1.53015      1.5256    0.010097
          17     1.51423     1.52493  0.00950801
          18     1.51466     1.52436  0.00898237
          19     1.52219     1.52425  0.00849724
          20     1.53672     1.52487  0.00808527
           1     1.36762     1.36762           0
           2      1.3735     1.37056    0.002938
           3     1.33791     1.35968    0.011016
           4     1.35482     1.35846  0.00788376
           5     1.33108     1.35299  0.00820263
           6     1.44386     1.36813   0.0165605
           7     1.34516     1.36485   0.0143756
           8     1.37468     1.36608   0.0125102
           9     1.34963     1.36425   0.0111832
          10      1.3804     1.36587   0.0101321
          11     1.36282     1.36559  0.00916903
          12     1.32216     1.36197  0.00911919
          13     1.33754     1.36009  0.00859636
          14     1.36276     1.36028  0.00796097
          15     1.40914     1.36354  0.00809556
          16     1.39576     1.36555  0.00783583
          17     1.37659      1.3662  0.00738905
          18      1.3649     1.36613  0.00696684
          19     1.35067     1.36532  0.00664002
          20     1.42298      1.3682  0.00692785
           1     93.1803     93.1803           0
           2     89.0273     91.1038      2.0765
           3      89.991     90.7328     1.25494
           4     89.3392     90.3844    0.953326
           5     84.6203     89.2316     1.36905
           6     89.6627     89.3034     1.12014
           7     88.4888     89.1871    0.953813
           8     91.7079     89.5022    0.884085
           9     88.1572     89.3527    0.793883
          10     86.8729     89.1047    0.752128
          11      93.725     89.5248    0.799539
          12      87.488      89.355    0.749351
          13     88.6744     89.3027    0.691288
          14     87.2953     89.1593    0.655873
          15      80.334     88.5709    0.847921
          16     93.5448     88.8818    0.851901
          17     93.7501     89.1682    0.849918
          18     91.1384     89.2776    0.808752
          19     90.9145     89.3638    0.769838
          20     86.4373     89.2175    0.744847
           1     59.7613     59.7613           0
           2     51.4683     55.6148     4.14649
           3     54.9485     55.3927     2.40425
           4        56.3     55.6195     1.71513
           5     53.5526     55.2061     1.39136
           6     52.5631     54.7656     1.21846
           7     49.1625     53.9652     1.30429
           8     53.7335     53.9362     1.12992
           9     55.9928     54.1647     1.02236
          10     51.8017     53.9284    0.944463
          11     52.9352     53.8381    0.859057
          12     52.9935     53.7678    0.787361
          13     52.2707     53.6526    0.733364
          14     63.9448     54.3878     1.00073
          15      54.235     54.3776     0.93168
          16     56.6389     54.5189    0.882892
          17     62.7351     55.0022    0.959883
          18     61.4942     55.3629    0.974207
          19      57.707     55.4862    0.929729
          20     55.8514     55.5045    0.882208
           1     34.9158     34.9158           0
           2     32.7735     33.8446     1.07114
           3     30.7967     32.8286      1.1894
           4     31.4932     32.4948    0.904876
           5     33.7659      32.749    0.745595
           6     32.1639     32.6515    0.616536
           7      29.537     32.2066    0.685179
           8     32.5949     32.2551    0.595365
           9     27.3813     31.7136    0.754285
          10     34.9029     32.0325    0.746241
          11      34.834     32.2872     0.72145
          12     32.3941     32.2961    0.658651
          13     29.1783     32.0563    0.651612
          14     32.5763     32.0934    0.604418
          15      32.021     32.0886    0.562703
          16     30.2464     31.9735    0.538807
          17     32.1385     31.9832    0.506214
          18     32.8968     32.0339    0.479954
          19     33.0016     32.0848    0.456839
          20     31.1903     32.0401    0.435698
           1     21.2294     21.2294           0
           2      17.616     19.4227     1.80667
           3     19.8515     19.5656     1.05283
           4     17.4306     19.0319    0.916037
           5     20.2985     19.2852    0.753428
           6     17.7323     19.0264    0.667402
           7     16.9007     18.7227    0.640608
           8     17.6991     18.5948    0.569346
           9     19.7949     18.7281     0.51952
          10     17.6817     18.6235     0.47631
          11     19.1293     18.6694    0.433286
          12     19.6134     18.7481     0.40328
          13       20.29     18.8667    0.389463
          14     18.0145     18.8058    0.365675
          15     18.7247     18.8004    0.340468
          16     20.4113     18.9011    0.334013
          17     20.9488     19.0216    0.336078
          18     21.0708     19.1354    0.336689
          19     19.3476     19.1466    0.318671
          20     18.5988     19.1192    0.303556
           1     86.6473     86.6473           0
           2      84.738     85.6927    0.954648
           3     89.9075     87.0976     1.50919
           4     89.5992      87.723     1.23691
           5     92.9082       88.76     1.41188
           6     93.3178     89.5197     1.38057
           7     88.1196     89.3197     1.18381
           8     95.8349     90.1341     1.30932
           9     86.9008     89.7748      1.2093
          10     86.2161     89.4189     1.13867
          11       91.25     89.5854     1.04333
          12      87.886     89.4438      0.9629
          13     95.0743     89.8769    0.985963
          14      90.717     89.9369    0.914795
          15     87.2044     89.7547    0.870893
          16      90.624     89.8091    0.816455
          17     93.0676     90.0007    0.790516
          18     88.6734      89.927    0.748945
          19     89.9598     89.9287    0.708433
          20     89.5546       89.91    0.672339
           1     52.5221     52.5221           0
           2     46.2725     49.3973      3.1248
           3     67.0698     55.2881     6.16089
           4     62.9429     57.2018     4.75821
           5     60.3661     57.8347     3.73963
           6     56.4146      57.598     3.06255
           7      58.147     57.6764     2.58952
           8     58.4873     57.7778     2.24488
           9     57.9473     57.7966     1.97988
          10     55.6703      57.584     1.78358
          11     64.3962     58.2033     1.72809
          12     61.3375     58.4645       1.599
          13     60.8613     58.6488     1.48237
          14     54.2633     58.3356     1.40771
          15     66.3075      58.867     1.41417
          16     48.3386      58.209     1.47746
          17     50.1207     57.7332     1.46712
          18     59.1008     57.8092      1.3853
          19     64.6033     58.1668     1.35828
          20     61.0218     58.3095     1.29646
           1      28.904      28.904           0
           2     36.5129     32.7085     3.80449
           3     34.4071     33.2747     2.26833
           4     28.1083     31.9831     2.05934
           5     34.1922     32.4249     1.65522
           6     36.0608     33.0309     1.48112
           7     34.4234     33.2298     1.26748
           8     31.9817     33.0738      1.1087
           9     36.3345     33.4361     1.04275
          10     33.3782     33.4303    0.932681
          11      24.899     32.6547     1.14597
          12     33.9629     32.7637     1.05179
          13     35.7101     32.9904    0.993694
          14     32.1181     32.9281    0.922089
          15     31.4444     32.8292    0.864099
          16     29.1972     32.6022     0.83956
          17     34.1826     32.6951    0.794091
          18     39.2507     33.0593    0.832559
          19     34.6919     33.1453    0.792196
          20      27.524     32.8642    0.802379
           1     17.7216     17.7216           0
           2     17.5194     17.6205    0.101085
           3     18.3444     17.8618    0.248266
           4     18.6239     18.0523    0.259072
           5     19.8546     18.4128    0.412552
           6     19.9446     18.6681    0.422671
           7     19.1866     18.7421    0.364822
           8     19.6601     18.8569    0.336135
           9     19.7772     18.9591    0.313584
          10     18.5296     18.9162    0.283748
          11     18.7726     18.9031    0.256992
          12     15.1514     18.5905    0.390874
          13     17.6735       18.52    0.366405
          14     18.6508     18.5293    0.339354
          15     19.3398     18.5833    0.320508
          16     18.5012     18.5782    0.299852
          17     18.9571     18.6005    0.282543
          18     16.7971     18.5003    0.284602
          19      17.682     18.4572     0.27263
          20     24.8141     18.7751    0.409777
           1     11.9114     11.9114           0
           2      11.903     11.9072  0.00416889
           3     12.5928     12.1357    0.228543
           4     11.2401     11.9118     0.27613
           5     12.5459     12.0386    0.248656
           6     12.6459     12.1398    0.226854
           7     11.4473     12.0409    0.215748
           8      11.993     12.0349    0.186939
           9     13.0393     12.1465    0.199081
          10     11.9923     12.1311    0.178731
          11      11.475     12.0714     0.17232
          12     12.9171     12.1419    0.172371
          13     12.0582     12.1355    0.158689
          14     11.4346     12.0854    0.155212
          15     12.7942     12.1327    0.152024
          16     11.8333      12.114    0.143431
          17     11.9227     12.1027    0.135199
          18     11.3528      12.061    0.134103
          19     11.5651     12.0349    0.129506
          20     10.9891     11.9827    0.133526
           1     8.76254     8.76254           0
           2     8.66231     8.71242    0.050112
           3     7.66221     8.36235    0.351266
           4     7.94878     8.25896    0.269043
           5     8.52469      8.3121     0.21507
           6     8.50557     8.34435    0.178539
           7     8.26817     8.33347    0.151285
           8     8.02168     8.29449    0.136691
           9     7.63787     8.22153    0.140908
          10     8.31515      8.2309    0.126379
          11      7.0763     8.12593    0.155193
          12     7.36682     8.06267    0.155153
          13     8.16827      8.0708    0.142951
          14     7.78141     8.05013    0.133952
          15     8.87164     8.10489    0.136199
          16     8.17514     8.10928    0.127478
          17     7.33467     8.06372    0.128121
          18     8.27477     8.07544    0.121361
          19     7.56001     8.04832    0.117958
          20     7.52865     8.02233    0.114882
           1     5.98583     5.98583           0
           2     5.94604     5.96593   0.0198909
           3       5.575     5.83562    0.130818
           4     6.21993      5.9317    0.133369
           5     5.62695     5.87075    0.119947
           6     5.66994     5.83728    0.103497
           7     5.94078     5.85207   0.0887114
           8     6.32514      5.9112   0.0969493
           9     6.69533     5.99833    0.122071
          10     5.62251     5.96074    0.115471
          11     5.97926     5.96243    0.104461
          12     5.70329     5.94083   0.0977737
          13     5.85745     5.93442   0.0901671
          14     5.52275     5.90501    0.088506
          15     6.41966     5.93932   0.0892526
          16     6.55505     5.97781   0.0919304
          17     5.87612     5.97182   0.0865605
          18     5.65748     5.95436   0.0834575
          19     6.50563     5.98338   0.0841059
          20     6.02145     5.98528   0.0798126
           1     4.39387     4.39387           0
           2      4.9339     4.66388    0.270017
           3      4.7131     4.68029    0.156755
           4     4.86603     4.72672    0.120176
           5     4.79196     4.73977   0.0939982
           6     4.92083     4.76995   0.0824687
           7      4.5936     4.74476    0.074112
           8     4.36245     4.69697   0.0800195
           9     4.30486      4.6534   0.0829358
          10     4.87247     4.67531   0.0773473
          11     4.53669     4.66271   0.0710891
          12     4.65835     4.66234   0.0648962
          13     5.00705     4.68886     0.06532
          14     4.44841     4.67168   0.0628661
          15     5.02734     4.69539   0.0631456
          16     5.24607     4.72981   0.0683631
          17     4.86055      4.7375   0.0646748
          18     4.43793     4.72086   0.0632064
          19     4.73881      4.7218   0.0597947
          20     4.25011     4.69822   0.0614337
           1     3.72511     3.72511           0
           2     3.73032     3.72772  0.00260308
           3       3.889     3.78148   0.0537831
           4     4.09504     3.85987   0.0871283
           5     3.82798     3.85349   0.0677901
           6      3.6462     3.81894   0.0652474
           7     3.60849     3.78888   0.0628075
           8     3.49983     3.75275   0.0652993
           9     3.75509     3.75301   0.0575892
          10     3.73386     3.75109   0.0515449
          11     3.59901     3.73727   0.0486308
          12     3.98453     3.75787   0.0489425
          13     3.56377     3.74294   0.0474319
          14     3.78878     3.74622   0.0440352
          15     3.50184     3.72992   0.0441132
          16     3.77206     3.73256    0.041348
          17     3.64431     3.72737   0.0391851
          18     3.94878     3.73967   0.0389379
          19     3.81757     3.74377   0.0370591
          20     3.81271     3.74721    0.035326
           1     3.10643     3.10643           0
           2      3.0563     3.08137   0.0250686
           3     2.96182     3.04152   0.0423947
           4     3.16531     3.07247   0.0430861
           5     3.11106     3.08019   0.0342554
           6     3.09671     3.08294   0.0281047
           7      3.0542     3.07883    0.024105
           8     3.01941     3.07141   0.0221576
           9     2.78433     3.03951   0.0374076
          10     3.30908     3.06647   0.0429669
          11     2.87221     3.04881   0.0426891
          12     3.06612     3.05025   0.0389964
          13     2.88174     3.03729   0.0381416
          14      3.0035     3.03487   0.0353946
          15     3.13089     3.04127   0.0335666
          16     3.05482     3.04212   0.0314101
          17     2.91455     3.03462    0.030444
          18     3.32228      3.0506    0.032852
          19     3.19467     3.05818   0.0319867
          20     3.12922     3.06173   0.0305524
           1     2.61131     2.61131           0
           2     2.62933     2.62032    0.009008
           3     2.86472     2.70179   0.0816325
           4     2.50245     2.65195   0.0762589
           5      2.4465     2.61086   0.0719559
           6     2.60732     2.61027   0.0587547
           7     2.62109     2.61182   0.0496809
           8     2.69503     2.62222   0.0442645
           9       2.627     2.62275   0.0390413
          10     2.63866     2.62434   0.0349558
          11      2.5638     2.61884   0.0320941
          12     2.55967     2.61391   0.0297097
          13     2.65518     2.61708   0.0275128
          14     2.58275     2.61463   0.0255896
          15     2.53319      2.6092   0.0244335
          16     2.60177     2.60874   0.0228602
          17      2.4893     2.60171   0.0225936
          18     2.64609     2.60418   0.0214437
          19     2.57815     2.60281   0.0203299
          20     2.59102     2.60222   0.0192956
           1     2.18136     2.18136           0
           2     2.27572     2.22854   0.0471825
           3     2.16573     2.20761   0.0343565
           4      2.1054     2.18205   0.0352572
           5     2.23005     2.19165   0.0289476
           6     2.27195     2.20504    0.027161
           7     2.23094     2.20873   0.0232515
           8     2.21874     2.20999   0.0201752
           9     2.33418     2.22378   0.0225169
          10     2.39791      2.2412   0.0266234
          11     2.16929     2.23466   0.0249531
          12     2.33317     2.24287   0.0242132
          13     2.28629     2.24621    0.022522
          14     2.20446     2.24323   0.0210634
          15     2.31172     2.24779   0.0201336
          16     2.34857     2.25409   0.0198586
          17     2.12604     2.24656   0.0201173
          18     2.07791     2.23719   0.0211547
          19      2.3446     2.24284   0.0207935
          20     2.24996      2.2432   0.0197297
           1     1.88898     1.88898           0
           2     1.97576     1.93237   0.0433929
           3     1.89578     1.92018   0.0278638
           4     2.01457     1.94377   0.0307422
           5     1.99856     1.95473   0.0262128
           6     1.93546     1.95152   0.0216423
           7      1.8494     1.93693   0.0233965
           8     1.93949     1.93725   0.0202645
           9     1.87861     1.93073   0.0190222
          10     1.98019     1.93568   0.0177183
          11     1.91068     1.93341   0.0161872
          12     2.03939     1.94224   0.0172149
          13     1.88269     1.93766   0.0164847
          14     1.96416     1.93955   0.0153788
          15     1.91248     1.93775   0.0144301
          16     1.89292     1.93494   0.0137858
          17     1.92325     1.93426   0.0129678
          18     1.85391     1.92979   0.0130156
          19     1.89858     1.92815   0.0124206
          20     1.88689     1.92609   0.0119624
           1     1.67603     1.67603           0
           2     1.68662     1.68132  0.00529778
           3     1.82995     1.73087   0.0496351
           4     1.69638     1.72224   0.0361405
           5     1.72814     1.72342   0.0280191
           6     1.75128     1.72807    0.023344
           7     1.80019     1.73837   0.0222575
           8     1.72806     1.73708   0.0193186
           9     1.67957     1.73069   0.0181963
          10     1.76248     1.73387   0.0165829
          11     1.69432     1.73027   0.0154247
          12     1.69428     1.72727   0.0143966
          13     1.78642     1.73182   0.0140028
          14     1.71976     1.73096   0.0129926
          15     1.76353     1.73313   0.0122888
          16     1.83065     1.73923   0.0130109
          17     1.73424     1.73894   0.0122251
          18     1.64504     1.73372   0.0126515
          19      1.6429     1.72894   0.0128865
          20     1.65167     1.72508   0.0128212
           1     1.51973     1.51973           0
           2     1.50031     1.51002  0.00970737
           3      1.4573     1.49245   0.0184447
           4     1.49427      1.4929   0.0130504
           5     1.53175     1.50067   0.0127497
           6     1.51742     1.50346   0.0107779
           7     1.55054     1.51019   0.0113229
           8     1.57589      1.5184    0.012791
           9     1.56992     1.52413   0.0126496
          10     1.56157     1.52787   0.0119175
          11     1.46838     1.52246   0.0120604
          12     1.52819     1.52294     0.01102
          13     1.51542     1.52236   0.0101534
          14     1.59139     1.52729    0.010615
          15     1.60819     1.53269   0.0112579
          16     1.55414     1.53403   0.0106158
          17     1.53645     1.53417  0.00997283
          18     1.45717     1.52989   0.0103297
          19     1.51986     1.52936  0.00978521
          20     1.51405      1.5286  0.00931457
           1     1.39062     1.39062           0
           2     1.38676     1.38869    0.001932
           3     1.35266     1.37668   0.0120624
           4     1.39896     1.38225   0.0101874
           5     1.40172     1.38615  0.00879976
           6     1.38961     1.38672   0.0072081
           7     1.43408     1.39349  0.00910344
           8     1.37587     1.39129  0.00818569
           9     1.38813     1.39093  0.00722762
          10     1.34678     1.38652  0.00782884
          11     1.40424     1.38813  0.00726231
          12     1.36564     1.38626  0.00688945
          13     1.37684     1.38553  0.00637858
          14     1.36108     1.38378  0.00615835
          15     1.36037     1.38222  0.00594185
          16     1.32636     1.37873   0.0065636
          17     1.42539     1.38148  0.00674868
          18       1.401     1.38256  0.00645446
          19     1.41507     1.38427  0.00634056
          20     1.35894     1.38301  0.00614709
