           1    0.227635    0.227635           0
           2     0.29549    0.261563   0.0339277
           3    0.252859    0.258661   0.0198018
           4    0.254407    0.257598   0.0140424
           5    0.358304    0.277739   0.0228906
           6    0.311049    0.283291   0.0194972
           7    0.300476    0.285746     0.01666
           8    0.226262     0.27831   0.0162312
           9    0.338498    0.284998   0.0157997
          10    0.307706    0.287269    0.014313
          11    0.179627    0.277483   0.0162287
          12    0.345149    0.283122   0.0158516
          13    0.305213    0.284821     0.01468
          14    0.290838    0.285251   0.0135979
          15    0.407835    0.293423   0.0150677
          16    0.186729    0.286755   0.0155924
          17    0.199256    0.281608   0.0155245
          18     0.25905    0.280355   0.0146902
          19    0.275619    0.280105   0.0138978
          20    0.303269    0.281264   0.0132354
           1    0.455613    0.455613           0
           2    0.508235    0.481924    0.026311
           3    0.500003     0.48795   0.0163424
           4    0.452687    0.479134   0.0145347
           5    0.520973    0.487502   0.0140276
           6    0.499103    0.489436   0.0116155
           7    0.511765    0.492626   0.0103222
           8    0.508989    0.494671  0.00917029
           9     0.50195     0.49548  0.00812777
          10     0.55401    0.501333   0.0093331
          11    0.492635    0.500542  0.00847905
          12    0.543466    0.504119  0.00852684
          13    0.544369    0.507215  0.00843254
          14    0.456368    0.503583  0.00861049
          15    0.508077    0.503883  0.00802153
          16     0.48902    0.502954  0.00756074
          17    0.441724    0.499352  0.00796319
          18     0.43307     0.49567   0.0083622
          19    0.480317    0.494862  0.00795101
          20    0.508236     0.49553  0.00757258
           1    0.531315    0.531315           0
           2    0.539576    0.535446  0.00413042
           3    0.490602    0.520498   0.0151368
           4    0.544794    0.526572   0.0123067
           5    0.565038    0.534265   0.0122499
           6     0.55535    0.537779   0.0106014
           7    0.504267    0.532992   0.0101586
           8    0.528423    0.532421  0.00881616
           9    0.457589    0.524106   0.0113835
          10    0.540011    0.525697   0.0103052
          11    0.531643    0.526237  0.00933707
          12    0.549184    0.528149  0.00873541
          13    0.497004    0.525754  0.00838498
          14    0.515825    0.525044  0.00779531
          15    0.539284    0.525994  0.00731886
          16    0.532253    0.526385  0.00685734
          17    0.531662    0.526695  0.00644882
          18    0.570804    0.529146  0.00655525
          19    0.530561     0.52922   0.0062011
          20    0.507544    0.528136  0.00598188
           1    0.509873    0.509873           0
           2    0.463847     0.48686   0.0230132
           3    0.518921    0.497547   0.0170514
           4    0.476129    0.492193   0.0131926
           5    0.510643    0.495883   0.0108648
           6    0.446867    0.487714   0.0120596
           7    0.504232    0.490073   0.0104618
           8    0.503452    0.491746  0.00921327
           9    0.497169    0.492348  0.00814765
          10     0.48814    0.491927  0.00729962
          11    0.469477    0.489887  0.00691099
          12    0.476515    0.488772  0.00640649
          13    0.507935    0.490246  0.00607466
          14    0.544529    0.494124  0.00683109
          15     0.46324    0.492065  0.00668438
          16    0.527126    0.494256  0.00662554
          17    0.520797    0.495817  0.00641644
          18    0.552295    0.498955  0.00681478
          19    0.540195    0.501126  0.00680175
          20    0.482828    0.500211  0.00651724
           1    0.440744    0.440744           0
           2    0.463149    0.451947   0.0112026
           3    0.457934    0.453942  0.00676869
           4    0.480688    0.460629  0.00822287
           5    0.463374    0.461178  0.00639302
           6    0.475387    0.463546    0.005732
           7    0.456548    0.462546   0.0049465
           8    0.475614     0.46418  0.00458468
           9    0.513692    0.469681  0.00682742
          10    0.459521    0.468665  0.00619058
          11    0.460542    0.467927  0.00564808
          12    0.458267    0.467122  0.00521842
          13    0.451232    0.465899  0.00495343
          14     0.46318    0.465705   0.0045901
          15    0.439316    0.463946  0.00462113
          16    0.453625    0.463301  0.00437053
          17     0.47978     0.46427  0.00421829
          18    0.476233    0.464935  0.00403219
          19    0.455447    0.464435  0.00384662
          20    0.449032    0.463665  0.00372961
           1    0.447437    0.447437           0
           2    0.430907    0.439172   0.0082649
           3    0.454531    0.444291  0.00699861
           4    0.449181    0.445514  0.00509751
           5    0.447373    0.445886  0.00396599
           6    0.433422    0.443808  0.00384727
           7    0.423562    0.440916  0.00435184
           8    0.447174    0.441698  0.00384913
           9    0.438189    0.441308  0.00341694
          10    0.451912    0.442369  0.00323491
          11    0.425157    0.440804  0.00331815
          12    0.416717    0.438797  0.00363374
          13    0.427439    0.437923  0.00345485
          14    0.447376    0.438598  0.00326906
          15    0.453067    0.439563  0.00319253
          16    0.425406    0.438678  0.00311467
          17    0.452289    0.439479  0.00303329
          18    0.439684     0.43949  0.00285984
          19    0.428192    0.438895  0.00276973
          20     0.42646    0.438274  0.00270015
           1    0.425202    0.425202           0
           2    0.429002    0.427102  0.00190019
           3    0.407649    0.420618  0.00657654
           4    0.403824    0.416419  0.00626508
           5    0.438291    0.420794  0.00653348
           6    0.408332    0.418717  0.00572464
           7    0.422318    0.419231  0.00486549
           8    0.437488    0.421513  0.00479192
           9    0.425027    0.421904  0.00424407
          10    0.391284    0.418842  0.00487699
          11    0.423473    0.419263  0.00443145
          12    0.401578    0.417789  0.00430542
          13    0.407016     0.41696  0.00404618
          14    0.414518    0.416786  0.00375009
          15    0.391477    0.415099  0.00387748
          16    0.421657    0.415509  0.00365014
          17    0.398435    0.414504  0.00357278
          18    0.408745    0.414184  0.00338361
          19    0.388504    0.412833  0.00347426
          20    0.412479    0.412815  0.00329602
           1    0.366685    0.366685           0
           2    0.381997    0.374341  0.00765589
           3    0.377112    0.375264  0.00451562
           4    0.383557    0.377338  0.00380698
           5     0.36962    0.375794  0.00332841
           6    0.392164    0.378522  0.00385092
           7    0.375415    0.378078  0.00328477
           8    0.373921    0.377559  0.00289177
           9    0.382016    0.378054  0.00259794
          10    0.378488    0.378097  0.00232407
          11    0.389286    0.379115  0.00233535
          12    0.389395    0.379971  0.00229758
          13    0.376029    0.379668  0.00213511
          14    0.379678    0.379669  0.00197673
          15     0.37377    0.379275  0.00188178
          16    0.371847    0.378811  0.00182045
          17    0.381192    0.378951  0.00171574
          18    0.381269     0.37908  0.00162273
          19    0.388817    0.379592  0.00161824
          20    0.389204    0.380073  0.00160866
           1    0.345865    0.345865           0
           2    0.352178    0.349022  0.00315664
           3    0.335083    0.344376  0.00499073
           4    0.351503    0.346157  0.00395334
           5     0.35137      0.3472  0.00323481
           6    0.338942    0.345824  0.00297832
           7    0.343513    0.345493  0.00253869
           8    0.364784    0.347905  0.00326317
           9    0.349298     0.34806    0.002882
          10    0.361473    0.349401  0.00290585
          11     0.34888    0.349354  0.00262886
          12    0.349813    0.349392  0.00240012
          13    0.342903    0.348893  0.00226352
          14    0.359933    0.349681  0.00223907
          15    0.349348    0.349659  0.00208458
          16    0.349279    0.349635  0.00195009
          17    0.345362    0.349384  0.00184896
          18    0.352683    0.349567  0.00175282
          19    0.355666    0.349888  0.00168879
          20    0.348748    0.349831  0.00160314
           1    0.322728    0.322728           0
           2    0.324229    0.323478 0.000750189
           3    0.324797    0.323918 0.000617117
           4    0.319087     0.32271  0.00128425
           5    0.325222    0.323213   0.0011144
           6    0.320182    0.322707   0.0010407
           7    0.318069    0.322045  0.00110122
           8    0.322629    0.322118 0.000956481
           9    0.324245    0.322354 0.000876038
          10    0.329972    0.323116  0.00109282
          11    0.332194    0.323941  0.00128769
          12    0.322246      0.3238  0.00118396
          13    0.321805    0.323646  0.00109984
          14    0.327799    0.323943  0.00106057
          15    0.325207    0.324027  0.00099093
          16    0.309357     0.32311  0.00130381
          17    0.322351    0.323066  0.00122553
          18    0.325984    0.323228  0.00116676
          19    0.328236    0.323491  0.00113468
          20    0.325827    0.323608  0.00108277
           1    0.295711    0.295711           0
           2      0.3051    0.300405  0.00469436
           3    0.298457    0.299756  0.00278704
           4    0.299342    0.299652  0.00197346
           5    0.299155    0.299553  0.00153187
           6     0.30316    0.300154  0.00138774
           7    0.292335    0.299037  0.00161967
           8    0.303537      0.2996  0.00151126
           9    0.306097    0.300321  0.00151576
          10    0.299148    0.300204   0.0013608
          11    0.305714    0.300705  0.00132892
          12    0.298197    0.300496    0.001231
          13    0.294137    0.300007  0.00123349
          14    0.297084    0.299798  0.00116092
          15    0.294007    0.299412  0.00114764
          16    0.294657    0.299115   0.0011139
          17    0.296497    0.298961  0.00105759
          18     0.29815    0.298916 0.000998124
          19    0.299119    0.298927 0.000944191
          20    0.293881    0.298674 0.000930581
           1    0.272958    0.272958           0
           2    0.269837    0.271398  0.00156045
           3    0.272748    0.271848  0.00100712
           4    0.279645    0.273797  0.00207542
           5    0.265676    0.272173   0.0022853
           6    0.274316     0.27253  0.00189983
           7    0.271911    0.272442  0.00160808
           8    0.276717    0.272976  0.00149164
           9    0.275548    0.273262  0.00134617
          10    0.276692    0.273605  0.00125195
          11    0.272787    0.273531  0.00113487
          12    0.272514    0.273446  0.00103945
          13    0.265777    0.272856  0.00112347
          14    0.271326    0.272747  0.00104585
          15     0.27242    0.272725 0.000973881
          16    0.272146    0.272689 0.000911699
          17    0.278677    0.273041 0.000926016
          18      0.2768     0.27325 0.000897688
          19    0.278463    0.273524 0.000892354
          20    0.272517    0.273474 0.000848059
           1    0.254546    0.254546           0
           2    0.249647    0.252096  0.00244978
           3    0.252684    0.252292  0.00142789
           4    0.247365     0.25106  0.00159285
           5    0.250148    0.250878  0.00124723
           6    0.252917    0.251218  0.00107356
           7    0.246295    0.250514  0.00114797
           8    0.252461    0.250758  0.00102351
           9    0.249663    0.250636 0.000910814
          10     0.24945    0.250518  0.00082324
          11    0.254071    0.250841 0.000811712
          12    0.256473     0.25131 0.000877113
          13     0.24619    0.250916 0.000897816
          14    0.253262    0.251084 0.000847943
          15    0.243579    0.250583 0.000934601
          16     0.25821     0.25106 0.000995755
          17    0.248971    0.250937 0.000943385
          18    0.251075    0.250945 0.000889465
          19    0.256764    0.251251 0.000895354
          20    0.253756    0.251376  0.00085859
           1    0.238065    0.238065           0
           2    0.230595     0.23433  0.00373487
           3    0.223078    0.230579  0.00432628
           4    0.235554    0.231823  0.00330226
           5    0.235881    0.232634  0.00268361
           6    0.229283    0.232076  0.00226123
           7    0.230227    0.231812  0.00192926
           8    0.235249    0.232241  0.00172514
           9    0.238629    0.232951  0.00167883
          10    0.225176    0.232174  0.00169093
          11    0.233931    0.232333  0.00153782
          12    0.233066    0.232394  0.00140516
          13    0.231535    0.232328  0.00129425
          14    0.231091     0.23224  0.00120149
          15    0.233723    0.232339  0.00112289
          16     0.23102    0.232256   0.0010536
          17      0.2333    0.232318 0.000991584
          18     0.23421    0.232423 0.000940766
          19    0.230153    0.232303 0.000897858
          20    0.233479    0.232362 0.000853809
           1     0.21348     0.21348           0
           2     0.20707    0.210275  0.00320509
           3    0.211091    0.210547  0.00187036
           4    0.217803    0.212361  0.00224482
           5    0.216197    0.213128  0.00190055
           6    0.214649    0.213382  0.00157235
           7    0.213472    0.213395  0.00132894
           8    0.212247    0.213251  0.00115981
           9    0.207105    0.212568  0.00122988
          10    0.208488     0.21216  0.00117329
          11    0.207861    0.211769  0.00113095
          12    0.215792    0.212104  0.00108547
          13     0.20875    0.211846  0.00103129
          14    0.211503    0.211822   0.0009551
          15    0.211093    0.211773 0.000890476
          16    0.219763    0.212273 0.000971187
          17      0.2133    0.212333  0.00091427
          18    0.215021    0.212482 0.000874816
          19    0.216147    0.212675 0.000849678
          20    0.214659    0.212775 0.000812154
           1    0.192465    0.192465           0
           2    0.197976    0.195221  0.00275538
           3     0.20224    0.197561   0.0028294
           4    0.200698    0.198345  0.00214897
           5    0.199529    0.198582  0.00168134
           6    0.195818    0.198121  0.00144806
           7    0.199346    0.198296  0.00123627
           8    0.192001    0.197509  0.00132873
           9    0.199098    0.197686  0.00118505
          10     0.19267    0.197184  0.00117264
          11    0.198323    0.197288  0.00106573
          12    0.197461    0.197302 0.000972985
          13    0.201378    0.197616 0.000948343
          14     0.19222     0.19723 0.000958857
          15    0.202548    0.197585 0.000960467
          16     0.19673    0.197531 0.000900023
          17    0.192595    0.197241 0.000893898
          18    0.206941     0.19778  0.00100033
          19    0.197683    0.197775 0.000946232
          20    0.195546    0.197663 0.000904567
           1    0.225923    0.225923           0
           2    0.293134    0.259529   0.0336058
           3    0.255146    0.258068   0.0194572
           4    0.254291    0.257124   0.0137907
           5    0.356413    0.276981   0.0225487
           6     0.31038    0.282548    0.019234
           7    0.299826    0.285016   0.0164421
           8    0.225475    0.277574    0.016067
           9    0.337715    0.284256   0.0156664
          10    0.306149    0.286445   0.0141825
          11    0.179976    0.276766   0.0160703
          12    0.344204    0.282386   0.0157097
          13    0.305972      0.2842   0.0145643
          14    0.290849    0.284675   0.0134922
          15    0.408312    0.292918   0.0150235
          16    0.188172    0.286371   0.0155033
          17    0.198609    0.281209   0.0154508
          18    0.258353    0.279939   0.0146223
          19    0.278267    0.279851   0.0138316
          20    0.303118    0.281014   0.0131733
           1    0.453732    0.453732           0
           2    0.506517    0.480124   0.0263926
           3    0.497237    0.485829   0.0162705
           4    0.455854    0.478335   0.0137303
           5     0.52216      0.4871   0.0137818
           6    0.497375    0.488812   0.0113824
           7    0.512078    0.492136   0.0101778
           8     0.50591    0.493858  0.00898084
           9    0.500631     0.49461  0.00795603
          10    0.551326    0.500282  0.00909973
          11    0.494957    0.499798  0.00824524
          12    0.545348    0.503594  0.00842983
          13    0.541957    0.506545  0.00829685
          14    0.453808    0.502778   0.0085553
          15    0.514368     0.50355  0.00800195
          16    0.487834    0.502568  0.00754931
          17    0.440576    0.498922    0.007974
          18    0.437464    0.495507  0.00825696
          19    0.477071    0.494537  0.00787035
          20    0.505806      0.4951   0.0074877
           1     0.53237     0.53237           0
           2    0.537925    0.535147  0.00277746
           3    0.490459    0.520251    0.014982
           4    0.548853    0.527402   0.0127812
           5    0.565294     0.53498    0.012468
           6    0.555607    0.538418   0.0107449
           7    0.501675    0.533169   0.0104889
           8    0.526417    0.532325  0.00912281
           9     0.45237    0.523441   0.0119856
          10    0.544863    0.525583   0.0109322
          11    0.524899    0.525521  0.00988872
          12    0.547886    0.527385  0.00921751
          13     0.50443    0.525619  0.00866078
          14    0.510946    0.524571  0.00808653
          15    0.539342    0.525556  0.00759229
          16    0.529436    0.525798  0.00710607
          17    0.531702    0.526146  0.00668402
          18    0.568738    0.528512  0.00673137
          19    0.528913    0.528533  0.00636727
          20    0.508614    0.527537  0.00612208
           1    0.500367    0.500367           0
           2    0.466614     0.48349   0.0168763
           3    0.518597    0.495193   0.0152276
           4    0.483444    0.492255    0.011161
           5    0.511171    0.496038  0.00943671
           6    0.447441    0.487939    0.011179
           7    0.495741    0.489054  0.00951352
           8    0.503458    0.490854   0.0084334
           9     0.50174    0.492064  0.00753526
          10    0.487818    0.491639  0.00675311
          11    0.467235     0.48942  0.00649881
          12    0.473429    0.488088   0.0060804
          13    0.503622    0.489283  0.00571937
          14    0.546038    0.493337  0.00666877
          15    0.470305    0.491801  0.00639535
          16    0.527838    0.494054  0.00639225
          17    0.514266    0.495243  0.00612106
          18    0.554922    0.498558  0.00665561
          19    0.542573    0.500875  0.00670826
          20     0.48954    0.500308   0.0063892
           1    0.337191    0.337191           0
           2     0.32142    0.329305  0.00788546
           3    0.269363    0.309325    0.020493
           4    0.262159    0.297533    0.018682
           5     0.19722    0.277471    0.024737
           6    0.209593    0.266158   0.0231502
           7    0.292479    0.269918   0.0199235
           8    0.172711    0.257767   0.0211034
           9    0.316802    0.264327   0.0197335
          10    0.356411    0.273535   0.0199079
          11     0.26081    0.272378   0.0180445
          12    0.328182    0.277028   0.0171161
          13    0.153987    0.267564   0.0183704
          14    0.241785    0.265722   0.0171071
          15    0.306967    0.268472   0.0161615
          16    0.271323     0.26865   0.0151187
          17    0.201617    0.264707   0.0147388
          18    0.290895    0.266162   0.0139718
          19    0.242593    0.264921   0.0132741
          20    0.265419    0.264946    0.012593
           1    0.545454    0.545454           0
           2    0.523541    0.534498   0.0109565
           3    0.415739    0.494911   0.0400884
           4    0.420455    0.476297    0.033912
           5    0.468331    0.474704   0.0263164
           6    0.543785    0.486217   0.0243775
           7     0.51914    0.490921   0.0211327
           8    0.489576    0.490753   0.0183022
           9    0.496405    0.491381   0.0161533
          10    0.446398    0.486882    0.015132
          11    0.397473    0.478754   0.0159189
          12    0.467441    0.477811   0.0145624
          13    0.517941    0.480898   0.0137466
          14    0.510068    0.482982   0.0128963
          15    0.412802    0.478303   0.0128852
          16    0.468786    0.477708   0.0120677
          17    0.509617    0.479585   0.0114899
          18    0.437665    0.477256   0.0110803
          19    0.421294    0.474311    0.010887
          20    0.466802    0.473936   0.0103351
           1     0.50617     0.50617           0
           2    0.548791    0.527481   0.0213107
           3    0.519166    0.524709   0.0126121
           4    0.498868    0.518249   0.0110121
           5    0.535402    0.521679  0.00919399
           6    0.510977    0.519896  0.00771586
           7     0.46861    0.512569  0.00980827
           8    0.516746    0.513091  0.00851024
           9    0.499751    0.511609   0.0076503
          10    0.535254    0.513973  0.00723964
          11    0.510899    0.513694  0.00655446
          12    0.461385    0.509335  0.00740287
          13    0.486241    0.507558  0.00703756
          14     0.51416     0.50803  0.00653256
          15    0.526385    0.509254  0.00620337
          16    0.540946    0.511234  0.00613148
          17     0.48461    0.509668  0.00596865
          18    0.534687    0.511058  0.00579642
          19    0.523656    0.511721   0.0055228
          20    0.492649    0.510768  0.00532547
           1    0.512116    0.512116           0
           2    0.495025     0.50357  0.00854559
           3    0.497671    0.501604  0.00531123
           4    0.514722    0.504883  0.00498606
           5    0.487816     0.50147  0.00515441
           6    0.488807    0.499359  0.00470809
           7    0.519851    0.502287  0.00493991
           8    0.497317    0.501666  0.00432295
           9    0.497442    0.501196  0.00384126
          10     0.50502    0.501579  0.00345693
          11    0.507354    0.502104  0.00317068
          12    0.419109    0.495188  0.00749745
          13     0.52268    0.497302   0.0072136
          14    0.481028     0.49614  0.00677892
          15    0.495486    0.496096  0.00631098
          16     0.49523    0.496042  0.00590363
          17    0.458027    0.493806  0.00597938
          18    0.487517    0.493457  0.00564823
          19    0.497335    0.493661  0.00534659
          20    0.537008    0.495828  0.00551588
           1    0.485128    0.485128           0
           2    0.442518    0.463823    0.021305
           3    0.478188    0.468611   0.0131995
           4    0.447197    0.463258   0.0107599
           5    0.482465    0.467099  0.00917728
           6    0.510237    0.474289   0.0103846
           7     0.45843    0.472023  0.00906424
           8    0.482906    0.473384  0.00796686
           9    0.474099    0.473463  0.00702656
          10    0.454199    0.471537  0.00657335
          11    0.476813    0.472016  0.00596514
          12    0.478232    0.472534  0.00546998
          13    0.483347    0.473366  0.00509993
          14    0.439329    0.470935  0.00531077
          15    0.464743    0.470522  0.00496126
          16    0.485271    0.471444  0.00473149
          17    0.469438    0.471326  0.00444603
          18    0.460652    0.470733   0.0042335
          19    0.490519    0.471774  0.00413768
          20    0.434604    0.469916  0.00434309
           1    0.447239    0.447239           0
           2    0.466426    0.456832  0.00959356
           3    0.432231    0.448632  0.00989574
           4    0.418347    0.441061   0.0103094
           5    0.447448    0.442338  0.00808719
           6    0.447008    0.443117  0.00664888
           7    0.436953    0.442236  0.00568789
           8    0.448963    0.443077  0.00499711
           9    0.438865    0.442609  0.00443182
          10     0.44347    0.442695  0.00396488
          11    0.451445     0.44349  0.00367352
          12    0.418622    0.441418  0.00394211
          13    0.409987       0.439  0.00435834
          14    0.409811    0.436915  0.00454187
          15    0.423779     0.43604    0.004318
          16    0.430244    0.435677  0.00405532
          17    0.429246    0.435299  0.00382805
          18    0.443345    0.435746  0.00363669
          19    0.426982    0.435285  0.00347076
          20    0.434688    0.435255  0.00329279
           1    0.411222    0.411222           0
           2    0.414433    0.412827  0.00160542
           3    0.400357     0.40867  0.00425881
           4    0.415811    0.410455  0.00350073
           5    0.415204    0.411405  0.00287313
           6    0.415753     0.41213  0.00245526
           7    0.406029    0.411258  0.00225066
           8    0.401266    0.410009  0.00231498
           9    0.414272    0.410483  0.00209584
          10    0.398414    0.409276  0.00222946
          11    0.407481    0.409113  0.00202322
          12    0.409781    0.409168  0.00184778
          13     0.40926    0.409175  0.00169972
          14    0.381515      0.4072  0.00252584
          15    0.435485    0.409085  0.00301415
          16    0.410809    0.409193  0.00282153
          17     0.41306    0.409421  0.00266011
          18    0.394065    0.408568   0.0026491
          19    0.411423    0.408718  0.00251031
          20    0.388991    0.407731  0.00257767
           1    0.388248    0.388248           0
           2    0.383091     0.38567  0.00257864
           3    0.375166    0.382168  0.00380462
           4    0.383747    0.382563  0.00271908
           5    0.382679    0.382586  0.00210632
           6    0.377298    0.381705  0.00193249
           7    0.391167    0.383057  0.00212009
           8    0.373365    0.381845   0.0021997
           9    0.380821    0.381731  0.00194329
          10    0.387005    0.382259  0.00181638
          11    0.386808    0.382672  0.00169422
          12    0.383465    0.382738  0.00154801
          13    0.375391    0.382173  0.00153204
          14    0.375641    0.381707  0.00149317
          15    0.377158    0.381403  0.00142276
          16    0.372995    0.380878  0.00143087
          17    0.384859    0.381112  0.00136433
          18    0.363618     0.38014  0.00161219
          19    0.377777    0.380016  0.00153004
          20    0.380653    0.380048  0.00145187
           1    0.358405    0.358405           0
           2    0.345567    0.351986  0.00641916
           3     0.35387    0.352614  0.00375897
           4     0.35741    0.353813  0.00291586
           5     0.35961    0.354972  0.00253879
           6    0.357614    0.355413  0.00211916
           7    0.349852    0.354618   0.0019593
           8     0.34216    0.353061   0.0023031
           9    0.358055    0.353616  0.00210557
          10    0.351987    0.353453  0.00189031
          11    0.353982    0.353501  0.00171053
          12    0.357056    0.353797  0.00158935
          13    0.339125    0.352669  0.00184695
          14    0.355785    0.352891  0.00172437
          15    0.345315    0.352386  0.00168289
          16    0.343763    0.351847   0.0016639
          17     0.34183    0.351258  0.00167035
          18    0.349631    0.351168  0.00157741
          19    0.344721    0.350828  0.00153017
          20    0.348852    0.350729  0.00145501
           1    0.330113    0.330113           0
           2    0.316817    0.323465  0.00664782
           3    0.327834    0.324921  0.00410513
           4    0.331028    0.326448  0.00327983
           5    0.323209      0.3258  0.00262181
           6     0.32375    0.325459   0.0021678
           7    0.316569    0.324189   0.0022292
           8    0.321722     0.32388  0.00195501
           9    0.317862    0.323212  0.00184931
          10    0.322732    0.323164  0.00165477
          11    0.304658    0.321481  0.00225182
          12     0.32333    0.321635  0.00206138
          13    0.316891     0.32127  0.00193099
          14     0.32102    0.321252  0.00178784
          15     0.31826    0.321053   0.0016763
          16    0.329475    0.321579  0.00165402
          17    0.313322    0.321094  0.00162785
          18    0.329911    0.321583  0.00161104
          19     0.32699    0.321868  0.00155022
          20    0.321297    0.321839  0.00147095
           1     0.30085     0.30085           0
           2    0.293509     0.29718  0.00367034
           3    0.300071    0.298143  0.00232801
           4    0.293205    0.296909  0.00205774
           5    0.293574    0.296242  0.00172783
           6    0.295556    0.296127   0.0014154
           7    0.296038    0.296115   0.0011963
           8    0.299859    0.296583  0.00113686
           9    0.295183    0.296427  0.00101461
          10    0.306126    0.297397  0.00132825
          11    0.291185    0.296832  0.00132756
          12    0.301356    0.297209  0.00126916
          13    0.296346    0.297143  0.00116935
          14    0.298006    0.297204  0.00108436
          15    0.293106    0.296931  0.00104581
          16    0.299285    0.297078 0.000989265
          17    0.288017    0.296545  0.00107128
          18    0.297774    0.296614  0.00101231
          19    0.302024    0.296898 0.000998988
          20    0.294022    0.296755 0.000958573
           1    0.271131    0.271131           0
           2     0.26921    0.270171 0.000960646
           3    0.273114    0.271152  0.00112696
           4    0.268612    0.270517  0.00101897
           5    0.265499    0.269513  0.00127672
           6     0.27225    0.269969  0.00113784
           7    0.279329    0.271306  0.00164695
           8    0.269207    0.271044  0.00145025
           9    0.277774    0.271792  0.00148157
          10    0.271821    0.271795  0.00132516
          11    0.274303    0.272023  0.00122015
          12    0.274851    0.272258   0.0011385
          13    0.269733    0.272064  0.00106514
          14     0.28004    0.272634  0.00113885
          15    0.277674     0.27297  0.00111218
          16    0.275555    0.273131  0.00105282
          17    0.268931    0.272884  0.00101935
          18    0.268972    0.272667 0.000985326
          19    0.271105    0.272585 0.000935644
          20    0.280555    0.272983 0.000972987
           1    0.257048    0.257048           0
           2    0.245822    0.251435  0.00561328
           3    0.256984    0.253285   0.0037316
           4    0.245042    0.251224  0.00334803
           5    0.256581    0.252295  0.00280595
           6    0.251944    0.252237   0.0022918
           7    0.260105    0.253361  0.00223944
           8    0.253658    0.253398  0.00193976
           9    0.256753    0.253771  0.00175086
          10    0.252105    0.253604  0.00157485
          11    0.255909    0.253814  0.00143983
          12    0.260337    0.254357  0.00142236
          13    0.258171    0.254651  0.00134086
          14     0.24586    0.254023  0.00139117
          15    0.248731     0.25367   0.0013423
          16    0.251275     0.25352   0.0012645
          17    0.253687     0.25353  0.00118783
          18    0.255935    0.253664  0.00112784
          19    0.245558    0.253237  0.00114897
          20     0.25632    0.253391  0.00110085
           1    0.228936    0.228936           0
           2    0.238868    0.233902  0.00496638
           3    0.228536    0.232113  0.00337954
           4    0.234488    0.232707  0.00246235
           5    0.231681    0.232502  0.00191833
           6    0.233226    0.232623  0.00157096
           7    0.232331    0.232581  0.00132835
           8    0.230753    0.232352  0.00117287
           9    0.228713    0.231948  0.00111062
          10    0.228897    0.231643  0.00103918
          11     0.23319    0.231783 0.000950434
          12     0.22854    0.231513 0.000908757
          13      0.2397    0.232143  0.00104659
          14    0.226272    0.231723   0.0010558
          15     0.22707    0.231413  0.00103069
          16    0.236945    0.231759  0.00102423
          17    0.237057    0.232071  0.00101131
          18     0.23106    0.232014 0.000955121
          19      0.2334    0.232087 0.000906394
          20    0.226705    0.231818 0.000901008
           1    0.212855    0.212855           0
           2    0.217021    0.214938  0.00208314
           3    0.209263    0.213046  0.00224175
           4    0.208119    0.211815  0.00200751
           5    0.212071    0.211866  0.00155585
           6    0.210125    0.211576  0.00130307
           7    0.215094    0.212078  0.00121055
           8    0.211508    0.212007  0.00105079
           9    0.211504    0.211951 0.000928388
          10    0.215636     0.21232 0.000908483
          11    0.212161    0.212305 0.000821881
          12    0.215474    0.212569  0.00079538
          13    0.213109    0.212611  0.00073282
          14    0.219476    0.213101 0.000837125
          15    0.216636    0.213337 0.000814179
          16    0.212441    0.213281 0.000763651
          17    0.213564    0.213297 0.000717519
          18    0.211045    0.213172 0.000687963
          19    0.215275    0.213283 0.000660091
          20    0.210783    0.213158 0.000638571
           1    0.198371    0.198371           0
           2    0.203702    0.201036  0.00266564
           3    0.196678    0.199583  0.00211641
           4    0.196099    0.198712  0.00173161
           5    0.197095    0.198389  0.00137976
           6    0.195738    0.197947  0.00121008
           7     0.19346    0.197306  0.00120701
           8     0.19879    0.197491  0.00106163
           9    0.200804     0.19786  0.00100603
          10    0.197992    0.197873 0.000899914
          11    0.194494    0.197566 0.000870019
          12    0.193753    0.197248 0.000855404
          13    0.196456    0.197187 0.000789209
          14    0.196498    0.197138 0.000732321
          15    0.199656    0.197306 0.000702125
          16    0.192351    0.196996 0.000726127
          17    0.196786    0.196984 0.000682189
          18    0.195406    0.196896 0.000649121
          19    0.194482    0.196769 0.000627019
          20    0.197901    0.196826  0.00059753
