           1    0.955048    0.955048           0
           2    0.912344    0.933696    0.021352
           3    0.922516    0.929969   0.0128786
           4    0.906488    0.924099   0.0108346
           5    0.874188    0.914117   0.0130414
           6    0.771264    0.890308   0.0260815
           7    0.774756    0.873801   0.0275388
           8    0.937424    0.881754   0.0251403
           9    0.776652    0.870076   0.0250591
          10    0.892504    0.872318   0.0225255
          11    0.951988    0.879561   0.0216241
          12    0.756744    0.869326   0.0222355
          13    0.813048    0.864997   0.0209068
          14    0.907852    0.868058   0.0195965
          15    0.836284     0.86594   0.0183659
          16    0.956612    0.871607   0.0180903
          17    0.957884    0.876682   0.0177345
          18    0.886912     0.87725   0.0167299
          19     0.92364    0.879692   0.0160122
          20    0.883064    0.879861   0.0151914
           1    0.709152    0.709152           0
           2     0.55146    0.630306    0.078846
           3     0.64444    0.635017   0.0457649
           4    0.732812    0.659466    0.040558
           5    0.632564    0.654086   0.0318735
           6     0.65488    0.654218   0.0260249
           7    0.584996    0.644329   0.0241158
           8    0.696144    0.650806   0.0218662
           9    0.681204    0.654184   0.0195777
          10    0.662076    0.654973   0.0175286
          11    0.600388    0.650011   0.0166136
          12    0.577576    0.643974   0.0163232
          13    0.507248    0.633457   0.0183322
          14    0.793532    0.644891   0.0204645
          15     0.60922    0.642513   0.0191992
          16     0.52236    0.635003   0.0194661
          17    0.724844    0.640288   0.0190336
          18    0.689996     0.64305   0.0181563
          19    0.703664     0.64624   0.0174679
          20    0.721168    0.649986   0.0169897
           1    0.459104    0.459104           0
           2    0.446604    0.452854     0.00625
           3     0.46142    0.455709   0.0046015
           4    0.396224    0.440838   0.0152231
           5     0.50534    0.453738   0.0174776
           6     0.44276    0.451909   0.0143872
           7     0.37954     0.44157   0.0159604
           8    0.497388    0.448548   0.0154833
           9    0.359544    0.438658   0.0168599
          10     0.50376    0.445168   0.0164252
          11    0.422436    0.443102   0.0150002
          12    0.425812    0.441661   0.0137688
          13    0.330632     0.43312   0.0152761
          14    0.436576    0.433367    0.014145
          15    0.465944    0.435539   0.0133462
          16    0.430356    0.435215   0.0124884
          17    0.462424    0.436816   0.0118395
          18    0.436652    0.436806   0.0111624
          19    0.424628    0.436165    0.010578
          20    0.403244    0.434519   0.0101693
           1    0.385384    0.385384           0
           2    0.264416      0.3249    0.060484
           3    0.353168    0.334323   0.0361694
           4    0.313192     0.32904   0.0261155
           5    0.306684    0.324569   0.0207172
           6    0.271672    0.315753   0.0190751
           7     0.28068    0.310742    0.016882
           8    0.257428    0.304078   0.0160675
           9    0.284732    0.301928   0.0143323
          10     0.30438    0.302174   0.0128216
          11    0.289732    0.301043   0.0116526
          12    0.305956    0.301452   0.0106452
          13    0.344296    0.304748   0.0103319
          14    0.247032    0.300625    0.010416
          15    0.260972    0.297982   0.0100507
          16    0.352904    0.301414   0.0100086
          17    0.395516     0.30695     0.01091
          18    0.367316    0.310303   0.0108189
          19    0.341852    0.311964   0.0103675
          20     0.30436    0.311584  0.00984285
           1    0.155004    0.155004           0
           2     0.17018    0.162592    0.007588
           3    0.229364    0.184849   0.0226844
           4    0.208432    0.190745   0.0170895
           5    0.196644    0.191925   0.0132899
           6    0.224216    0.197307   0.0121125
           7    0.196696    0.197219   0.0102373
           8     0.17148    0.194002  0.00943151
           9    0.180408    0.192492  0.00845384
          10    0.161892    0.189432  0.00815704
          11    0.209008    0.191211  0.00758992
          12    0.194608    0.191494  0.00693439
          13    0.164248    0.189398  0.00671421
          14    0.209684    0.190847   0.0063828
          15    0.172764    0.189642  0.00606312
          16    0.183376     0.18925  0.00568504
          17    0.191516    0.189384  0.00534182
          18    0.199148    0.189926  0.00506545
          19    0.240628    0.192595  0.00548442
          20    0.206468    0.193288  0.00524902
           1    0.158256    0.158256           0
           2    0.121468    0.139862    0.018394
           3    0.134012    0.137912   0.0107973
           4    0.190988    0.151181   0.0153087
           5    0.168544    0.154654   0.0123561
           6      0.1589    0.155361   0.0101135
           7    0.183508    0.159382  0.00944603
           8    0.176828    0.161563  0.00846618
           9     0.19124     0.16486  0.00816218
          10     0.18728    0.167102  0.00763697
          11    0.149232    0.165478  0.00709636
          12    0.135188    0.162954  0.00695246
          13    0.165544    0.163153  0.00639843
          14    0.148668    0.162118  0.00601347
          15    0.176908    0.163104   0.0056844
          16    0.148632      0.1622  0.00539366
          17    0.162276    0.162204  0.00506646
          18     0.11898    0.159803  0.00534634
          19    0.158164    0.159717  0.00505787
          20    0.181492    0.160805  0.00492029
           1    0.116248    0.116248           0
           2    0.135472     0.12586    0.009612
           3    0.165632    0.139117    0.014372
           4    0.145616    0.140742   0.0102916
           5     0.15366    0.143326  0.00838003
           6    0.098412     0.13584   0.0101415
           7    0.108296    0.131905  0.00943122
           8    0.125472    0.131101  0.00820717
           9     0.12284    0.130183  0.00729601
          10     0.09436    0.126601  0.00744435
          11    0.103664    0.124516  0.00704913
          12    0.121016    0.124224  0.00644155
          13     0.10678    0.122882   0.0060754
          14    0.132104    0.123541  0.00566317
          15     0.10686    0.122429  0.00538813
          16    0.134308    0.123171  0.00509452
          17    0.116956    0.122806  0.00479942
          18    0.109432    0.122063  0.00458553
          19    0.084008     0.12006  0.00477757
          20    0.132772    0.120695  0.00457675
           1    0.084596    0.084596           0
           2      0.0966    0.090598    0.006002
           3    0.083996   0.0883973  0.00410499
           4    0.096764    0.090489  0.00357778
           5    0.045788   0.0815488  0.00935989
           6    0.083192   0.0818227  0.00764722
           7    0.088744   0.0828114  0.00653828
           8    0.101976    0.085207  0.00614822
           9    0.088864   0.0856133  0.00543742
          10    0.089064   0.0859584   0.0048756
          11     0.06786   0.0843131  0.00470707
          12    0.101984   0.0857857  0.00454227
          13    0.090016   0.0861111  0.00419093
          14    0.098748   0.0870137  0.00398366
          15    0.098116   0.0877539  0.00378172
          16     0.10268   0.0886868  0.00365842
          17    0.106592     0.08974  0.00359427
          18    0.087804   0.0896324  0.00339041
          19    0.099136   0.0901326  0.00324578
          20    0.095308   0.0903914  0.00309007
           1    0.079608    0.079608           0
           2    0.075764    0.077686    0.001922
           3    0.076988   0.0774533   0.0011338
           4     0.06406    0.074105  0.00344298
           5    0.072684   0.0738208  0.00268202
           6     0.07016   0.0732107  0.00227327
           7    0.067168   0.0723474  0.00210628
           8    0.076628   0.0728825  0.00190095
           9    0.072804   0.0728738  0.00167651
          10    0.090856    0.074672   0.0023414
          11    0.074332   0.0746411   0.0021181
          12    0.070252   0.0742753  0.00196784
          13    0.065612   0.0736089  0.00192892
          14    0.061668    0.072756  0.00197906
          15     0.07594   0.0729683  0.00185459
          16    0.070928   0.0728408  0.00173949
          17    0.082824    0.073428   0.0017363
          18    0.062132   0.0728004  0.00175316
          19      0.0878   0.0735899  0.00183665
          20    0.057152    0.072768  0.00192651
           1    0.063748    0.063748           0
           2    0.057336    0.060542    0.003206
           3    0.041744    0.054276  0.00653367
           4    0.047984    0.052703  0.00488045
           5     0.06942   0.0560464  0.00504674
           6    0.066756   0.0578313  0.00449063
           7     0.02984   0.0538326  0.00551309
           8    0.039116    0.051993  0.00511661
           9     0.05732   0.0525849  0.00455108
          10    0.071212   0.0544476  0.00447655
          11    0.050412   0.0540807  0.00406578
          12    0.067092    0.055165  0.00386667
          13    0.057236   0.0553243  0.00356038
          14    0.055388   0.0553289  0.00329628
          15     0.06014   0.0556496  0.00308538
          16      0.0585   0.0558277  0.00289161
          17    0.073216   0.0568506  0.00290239
          18    0.059504    0.056998  0.00274037
          19    0.043004   0.0562615  0.00269474
          20    0.067848   0.0568408  0.00262127
           1    0.056632    0.056632           0
           2    0.062252    0.059442     0.00281
           3    0.054496   0.0577933  0.00231304
           4     0.06336    0.059185  0.00214751
           5    0.039084   0.0551648  0.00435076
           6     0.05346   0.0548807  0.00356372
           7    0.050108   0.0541989   0.0030881
           8    0.054132   0.0541905  0.00267439
           9     0.04928   0.0536449  0.00242087
          10    0.044836    0.052764  0.00233762
          11    0.058924    0.053324  0.00218736
          12     0.04356   0.0525103  0.00215619
          13     0.04244   0.0517357  0.00212931
          14    0.040136   0.0509071   0.0021384
          15    0.062832   0.0517021  0.00214361
          16    0.059084   0.0521635  0.00205756
          17    0.049664   0.0520165  0.00193832
          18    0.047764   0.0517802  0.00184268
          19      0.0441    0.051376  0.00178926
          20    0.065516    0.052083  0.00183879
           1    0.037056    0.037056           0
           2    0.048512    0.042784    0.005728
           3    0.036912   0.0408267  0.00384289
           4     0.03516     0.03941  0.00306445
           5    0.047556   0.0410392  0.00287903
           6    0.038644     0.04064  0.00238437
           7     0.04008     0.04056  0.00201675
           8    0.053556   0.0421845  0.00238526
           9     0.05514    0.043624  0.00254898
          10     0.03912   0.0431736  0.00232394
          11     0.04074   0.0429524  0.00211369
          12    0.052712   0.0437657  0.00209393
          13      0.0451   0.0438683  0.00192887
          14    0.031192   0.0429629  0.00200222
          15    0.044472   0.0430635  0.00186667
          16    0.045832   0.0432365  0.00175467
          17     0.04188   0.0431567  0.00165015
          18    0.046332   0.0433331  0.00156575
          19     0.03916   0.0431135  0.00149725
          20    0.040192   0.0429674   0.0014279
           1    0.034976    0.034976           0
           2    0.040036    0.037506     0.00253
           3    0.036456    0.037156  0.00150204
           4     0.04304    0.038627  0.00181436
           5    0.036528   0.0382072  0.00146676
           6     0.02974    0.036796  0.00185087
           7     0.03776   0.0369337  0.00157032
           8    0.034336    0.036609  0.00139817
           9      0.0341   0.0363302  0.00126419
          10    0.033648    0.036062   0.0011621
          11    0.040208   0.0364389  0.00111669
          12    0.035836   0.0363887  0.00102063
          13    0.036832   0.0364228 0.000939466
          14      0.0414   0.0367783 0.000939629
          15    0.026236   0.0360755  0.00112211
          16    0.032752   0.0358678     0.00107
          17    0.030032   0.0355245  0.00106209
          18    0.021496   0.0347451   0.0012689
          19    0.036964   0.0348619  0.00120593
          20    0.043748   0.0353062  0.00122729
           1    0.037804    0.037804           0
           2    0.029252    0.033528    0.004276
           3    0.027284   0.0314467  0.00322904
           4    0.031668    0.031502  0.00228394
           5    0.036076   0.0324168  0.00199166
           6    0.032544    0.032438  0.00162632
           7    0.038876   0.0333577  0.00165381
           8     0.03042   0.0329905  0.00147857
           9    0.037204   0.0334587  0.00138547
          10    0.027448   0.0328576  0.00137728
          11    0.037168   0.0332495  0.00130597
          12    0.035196   0.0334117  0.00120317
          13     0.02874   0.0330523  0.00116364
          14    0.033228   0.0330649  0.00107739
          15    0.033548   0.0330971  0.00100351
          16     0.03376   0.0331385 0.000939614
          17     0.03242   0.0330962 0.000883625
          18    0.044656   0.0337384  0.00105189
          19    0.038656   0.0339973   0.0010281
          20    0.030004   0.0337976 0.000995567
           1    0.020108    0.020108           0
           2     0.02684    0.023474    0.003366
           3       0.031   0.0259827  0.00317334
           4     0.04812    0.031517  0.00597192
           5    0.026944   0.0306024  0.00471538
           6    0.027972    0.030164  0.00387497
           7      0.0243   0.0293263  0.00338039
           8    0.024752   0.0287545  0.00298282
           9    0.029828   0.0288738  0.00263331
          10    0.030548   0.0290412  0.00236124
          11    0.023872   0.0285713  0.00218691
          12     0.03556   0.0291537  0.00207958
          13    0.031932   0.0293674  0.00192484
          14    0.038576   0.0300251  0.00189957
          15    0.027732   0.0298723    0.001775
          16    0.032468   0.0300345  0.00166827
          17    0.029344   0.0299939  0.00156759
          18    0.024592   0.0296938   0.0015081
          19    0.026952   0.0295495   0.0014338
          20    0.030176   0.0295808  0.00136058
           1     0.02784     0.02784           0
           2    0.027564    0.027702    0.000138
           3    0.028756   0.0280533 0.000360254
           4    0.039288    0.030862   0.0028202
           5    0.032584   0.0312064   0.0022115
           6     0.01238   0.0280687   0.0036202
           7    0.023908   0.0274743  0.00311683
           8    0.019868   0.0265235  0.00286181
           9    0.031712      0.0271  0.00258888
          10     0.02148    0.026538  0.00238279
          11     0.01728   0.0256964  0.00231381
          12    0.023804   0.0255387  0.00211809
          13    0.023148   0.0253548  0.00195702
          14    0.020728   0.0250243  0.00184174
          15     0.02988    0.025348  0.00174486
          16    0.021364    0.025099  0.00165105
          17    0.034508   0.0256525  0.00164669
          18    0.035964   0.0262253  0.00165484
          19    0.021148   0.0259581  0.00158796
          20    0.025664   0.0259434  0.00150655
           1    0.953376    0.953376           0
           2    0.912488    0.932932    0.020444
           3    0.922224    0.929363   0.0123312
           4    0.906676    0.923691   0.0104018
           5     0.87422    0.913797   0.0127598
           6     0.77152    0.890084   0.0259006
           7     0.77446    0.873566   0.0274227
           8     0.93738    0.881543   0.0250526
           9    0.776216     0.86984   0.0250024
          10    0.892308    0.872087   0.0224754
          11    0.952204     0.87937   0.0215951
          12    0.756556    0.869136   0.0222119
          13    0.812848    0.864806   0.0208857
          14    0.907408    0.867849   0.0195744
          15    0.836664     0.86577    0.018341
          16    0.956676    0.871452   0.0180727
          17    0.957892    0.876536   0.0177215
          18    0.886664    0.877099   0.0167175
          19      0.9236    0.879546   0.0160014
          20    0.883192    0.879729   0.0151814
           1    0.709352    0.709352           0
           2    0.551868     0.63061    0.078742
           3    0.644244    0.635155   0.0456883
           4    0.732092    0.659389   0.0403858
           5    0.632532    0.654018   0.0317405
           6     0.65492    0.654168   0.0259165
           7    0.585324    0.644333   0.0240101
           8    0.696184    0.650814   0.0217801
           9    0.681232    0.654194   0.0195033
          10    0.661392    0.654914   0.0174591
          11    0.600468    0.649964   0.0165498
          12    0.577684    0.643941   0.0162643
          13       0.507    0.633407   0.0182974
          14    0.793692    0.644856   0.0204462
          15      0.6095    0.642499   0.0191797
          16    0.522496    0.634999   0.0194456
          17     0.72486    0.640285   0.0190154
          18    0.689796    0.643035   0.0181377
          19    0.703668    0.646227   0.0174508
          20      0.7214    0.649985   0.0169766
           1    0.460096    0.460096           0
           2    0.446456    0.453276     0.00682
           3    0.460868    0.455807  0.00468064
           4    0.396172    0.440898   0.0152716
           5    0.505528    0.453824   0.0175218
           6    0.442952    0.452012   0.0144208
           7    0.379956    0.441718   0.0159532
           8    0.497916    0.448743   0.0154992
           9    0.359852    0.438866   0.0168639
          10    0.503692    0.445349   0.0164176
          11    0.421648    0.443194   0.0150058
          12    0.425556    0.441724    0.013777
          13     0.33086    0.433196   0.0152752
          14    0.436752     0.43345   0.0141443
          15     0.46582    0.435608   0.0133433
          16    0.429456    0.435224   0.0124875
          17     0.46316    0.436867   0.0118445
          18    0.436872    0.436867   0.0111671
          19    0.424836    0.436234    0.010582
          20    0.403184    0.434582    0.010174
           1    0.385136    0.385136           0
           2    0.264184     0.32466    0.060476
           3    0.354016    0.334445   0.0362611
           4    0.313024     0.32909   0.0261938
           5    0.305716    0.324415   0.0208212
           6     0.27148    0.315593   0.0191534
           7    0.279668    0.310461   0.0169816
           8    0.257692    0.303864    0.016118
           9    0.284324    0.301693   0.0143796
          10    0.304032    0.301927   0.0128636
          11      0.2896    0.300807   0.0116894
          12    0.306052    0.301244   0.0106799
          13    0.343812    0.304518   0.0103554
          14    0.246652    0.300385   0.0104403
          15     0.26046    0.297723   0.0100772
          16    0.352336    0.301136   0.0100253
          17    0.395732    0.306701   0.0109383
          18    0.367748    0.310092   0.0108561
          19    0.341468    0.311744   0.0104007
          20     0.30576    0.311445  0.00987155
           1     0.88572     0.88572           0
           2    0.887196    0.886458    0.000738
           3    0.931516    0.901477   0.0150254
           4    0.924428    0.907215   0.0120748
           5    0.945144    0.914801   0.0120427
           6     0.95296    0.921161   0.0117103
           7    0.905516    0.918926   0.0101462
           8    0.974608    0.925886   0.0112096
           9    0.889192    0.921809   0.0106937
          10    0.898988    0.919527  0.00983319
          11    0.936456    0.921066  0.00902662
          12     0.79584     0.91063   0.0132966
          13    0.969552    0.915163   0.0130439
          14    0.932176    0.916378   0.0121373
          15    0.914612     0.91626   0.0112998
          16    0.553456    0.893585   0.0250178
          17    0.927804    0.895598   0.0235862
          18    0.924144    0.897184   0.0222938
          19    0.929572    0.898888   0.0211566
          20    0.924508    0.900169   0.0201117
           1    0.579892    0.579892           0
           2    0.565108      0.5725    0.007392
           3    0.864376    0.669792   0.0973856
           4    0.823852    0.708307   0.0789011
           5    0.683396    0.703325   0.0613192
           6    0.598744    0.685895   0.0530142
           7     0.74848    0.694835   0.0456886
           8     0.76002    0.702983   0.0403977
           9    0.709292    0.703684   0.0356343
          10    0.553752    0.688691   0.0352227
          11    0.833248    0.701833    0.034464
          12     0.76798    0.707345   0.0319405
          13     0.79134    0.713806    0.030083
          14    0.712048    0.713681   0.0278517
          15    0.866944    0.723898   0.0278691
          16    0.469696     0.70801    0.030529
          17    0.648828    0.704529   0.0288875
          18    0.650152    0.701508   0.0274025
          19    0.820276    0.707759   0.0266632
          20    0.778504    0.711296   0.0255411
           1    0.445232    0.445232           0
           2    0.576908     0.51107    0.065838
           3    0.501244    0.507795   0.0381524
           4    0.416788    0.485043   0.0352908
           5    0.432408    0.474516   0.0292931
           6     0.55446     0.48784   0.0273785
           7    0.554688     0.49739   0.0250323
           8    0.448304    0.491254   0.0225302
           9    0.544536    0.497174   0.0207329
          10    0.498924    0.497349   0.0185449
          11    0.259512    0.475728   0.0273656
          12    0.574716    0.483977    0.026308
          13    0.552824    0.489273   0.0247725
          14     0.42524    0.484699   0.0233865
          15    0.489096    0.484992   0.0217736
          16    0.396548    0.479464   0.0211042
          17    0.579164    0.485329   0.0206732
          18    0.636132    0.493707   0.0212152
          19    0.507004    0.494407   0.0200798
          20    0.424352    0.490904   0.0193687
           1    0.270516    0.270516           0
           2     0.25208    0.261298    0.009218
           3    0.293076    0.271891   0.0118545
           4     0.31544    0.282778   0.0137404
           5    0.332904    0.292803   0.0146213
           6     0.33314    0.299526    0.013701
           7    0.253584    0.292963   0.0133101
           8     0.26172    0.289057   0.0121705
           9    0.293592    0.289561   0.0107452
          10     0.27282    0.287887  0.00975552
          11    0.363548    0.294765   0.0111882
          12    0.215244    0.288139   0.0121749
          13    0.223168    0.283141   0.0122638
          14    0.264612    0.281817    0.011431
          15    0.304508     0.28333   0.0107486
          16    0.331096    0.286315   0.0104883
          17    0.319728    0.288281   0.0100462
          18    0.271864    0.287369  0.00951542
          19    0.342352    0.290263  0.00945445
          20    0.430148    0.297257    0.011374
           1    0.152724    0.152724           0
           2     0.24926    0.200992    0.048268
           3    0.199548    0.200511   0.0278717
           4    0.175744    0.194319    0.020658
           5    0.182056    0.191866   0.0161885
           6    0.259544    0.203146   0.0173764
           7    0.202072    0.202993   0.0146866
           8    0.210896     0.20398   0.0127573
           9    0.219972    0.205757   0.0113903
          10    0.192856    0.204467   0.0102691
          11    0.192912    0.203417    0.009348
          12    0.221708    0.204941  0.00866858
          13    0.207976    0.205174  0.00797735
          14    0.169472    0.202624  0.00781347
          15    0.255576    0.206154   0.0080853
          16    0.218884     0.20695  0.00760484
          17    0.205012    0.206836  0.00714441
          18     0.19318    0.206077   0.0067784
          19    0.201788    0.205852   0.0064157
          20    0.155736    0.203346   0.0065821
           1    0.191668    0.191668           0
           2     0.17446    0.183064    0.008604
           3     0.14676    0.170963   0.0130812
           4    0.134012    0.161725   0.0130726
           5    0.124296    0.154239   0.0125926
           6    0.132856    0.150675   0.0108819
           7    0.138076    0.148875   0.0093714
           8     0.15072    0.149106  0.00811914
           9     0.12768    0.146725   0.0075458
          10    0.109304    0.142983  0.00771718
          11    0.112512    0.140213     0.00751
          12    0.102788    0.137094  0.00753172
          13    0.119848    0.135768  0.00705405
          14     0.12568    0.135047  0.00657041
          15    0.161876    0.136836  0.00637285
          16    0.156976    0.138095  0.00609271
          17    0.115256    0.136751  0.00587867
          18    0.115792    0.135587  0.00566345
          19     0.11942    0.134736  0.00542424
          20    0.118324    0.133915  0.00521091
           1      0.0903      0.0903           0
           2    0.106388    0.098344    0.008044
           3     0.08848    0.095056  0.00569031
           4    0.119152     0.10108   0.0072442
           5    0.103088    0.101482  0.00562568
           6    0.097644    0.100842  0.00463767
           7    0.125876    0.104418  0.00530591
           8    0.088044    0.102371  0.00503029
           9    0.131696     0.10563  0.00550428
          10    0.069348    0.102002  0.00611567
          11    0.108384    0.102582  0.00556217
          12    0.091776    0.101681  0.00515678
          13    0.125284    0.103497  0.00507913
          14    0.105104    0.103612  0.00470376
          15     0.12558    0.105076  0.00461739
          16      0.1317     0.10674  0.00462861
          17    0.104596    0.106614  0.00434965
          18    0.124536     0.10761  0.00422003
          19    0.122624      0.1084  0.00406922
          20    0.099012    0.107931  0.00388883
           1    0.091312    0.091312           0
           2    0.082836    0.087074    0.004238
           3     0.07122   0.0817893  0.00582362
           4    0.078116    0.080871  0.00421908
           5    0.086456    0.081988   0.0034537
           6    0.086732   0.0827787  0.00292869
           7     0.10188   0.0855074  0.00368412
           8    0.095664    0.086777  0.00343385
           9    0.072324   0.0851711  0.00342782
          10    0.080244   0.0846784  0.00310527
          11     0.09942   0.0860185  0.00311215
          12    0.077688   0.0853243  0.00292458
          13     0.08496   0.0852963  0.00269037
          14    0.088936   0.0855563  0.00250433
          15     0.10414   0.0867952  0.00264014
          16    0.089932   0.0869912  0.00247739
          17    0.100496   0.0877856  0.00245896
          18     0.09324   0.0880887  0.00233805
          19    0.109652   0.0892236  0.00248578
          20    0.081468   0.0888358  0.00238989
           1    0.050812    0.050812           0
           2    0.061612    0.056212      0.0054
           3    0.091012    0.067812   0.0120117
           4    0.081288    0.071181   0.0091373
           5    0.056344   0.0682136   0.0076746
           6    0.064328    0.067566  0.00629966
           7    0.076476   0.0688389  0.00547422
           8    0.047596   0.0661835  0.00543381
           9    0.066592   0.0662289  0.00479238
          10    0.062772   0.0658832  0.00430035
          11    0.055044   0.0648978  0.00401269
          12    0.092648   0.0672103  0.00433195
          13    0.070036   0.0674277  0.00399074
          14    0.058336   0.0667783  0.00375134
          15    0.045652   0.0653699  0.00376562
          16    0.070508    0.065691  0.00353702
          17     0.06622   0.0657221   0.0033226
          18    0.099448   0.0675958  0.00365015
          19    0.076556   0.0680674  0.00348476
          20    0.055444   0.0674362  0.00336564
           1    0.073848    0.073848           0
           2    0.074344    0.074096    0.000248
           3    0.059548   0.0692467  0.00485145
           4     0.07774     0.07137  0.00403445
           5    0.042896   0.0656752  0.00649591
           6    0.074048   0.0670707  0.00548439
           7     0.05474   0.0653091  0.00495859
           8    0.057516    0.064335  0.00440337
           9    0.044788   0.0621631  0.00444949
          10    0.054956   0.0614424  0.00404448
          11    0.046176   0.0600545  0.00391277
          12    0.053844    0.059537  0.00360916
          13    0.061208   0.0596655  0.00332243
          14    0.073404   0.0606469  0.00322871
          15    0.067164   0.0610813  0.00303701
          16    0.073408   0.0618517  0.00294347
          17    0.054872   0.0614412  0.00279523
          18    0.056668    0.061176  0.00264867
          19    0.038676   0.0599918  0.00277117
          20    0.035472   0.0587658  0.00290077
           1    0.049788    0.049788           0
           2    0.048428    0.049108     0.00068
           3    0.066084   0.0547667  0.00567227
           4    0.039684    0.050996  0.00550502
           5      0.0525   0.0512968  0.00427477
           6      0.0526    0.051514  0.00349708
           7    0.036096   0.0493114  0.00368602
           8    0.057468    0.050331  0.00335106
           9     0.05328   0.0506587  0.00297346
          10     0.07478   0.0530708  0.00359048
          11    0.042036   0.0520676  0.00339912
          12    0.032316   0.0504217  0.00351248
          13    0.052892   0.0506117   0.0032366
          14    0.043208   0.0500829  0.00304282
          15      0.0491   0.0500173  0.00283346
          16    0.038224   0.0492803  0.00275105
          17    0.031636   0.0482424   0.0027848
          18    0.054808   0.0486071  0.00265075
          19     0.04076   0.0481941  0.00254114
          20    0.057884   0.0486786  0.00245894
           1    0.033944    0.033944           0
           2    0.046108    0.040026    0.006082
           3    0.048628   0.0428933  0.00453341
           4    0.025704    0.038596  0.00536125
           5    0.042372   0.0393512  0.00422092
           6    0.044124   0.0401467  0.00353697
           7    0.049052   0.0414189  0.00324874
           8    0.031756    0.040211  0.00306181
           9    0.061624   0.0425902   0.0035989
          10    0.051408    0.043472  0.00333755
          11    0.045196   0.0436287  0.00302299
          12    0.029876   0.0424827  0.00298812
          13    0.046308   0.0427769  0.00276437
          14    0.052252   0.0434537  0.00264729
          15    0.064024   0.0448251  0.00282034
          16    0.027644   0.0437512  0.00284835
          17    0.025492   0.0426772   0.0028831
          18    0.041628   0.0426189  0.00271884
          19    0.052656   0.0431472  0.00262546
          20    0.053744    0.043677  0.00254646
           1     0.03016     0.03016           0
           2    0.036664    0.033412    0.003252
           3    0.030536   0.0324533  0.00210813
           4    0.039848    0.034302   0.0023748
           5    0.034968   0.0344352  0.00184433
           6    0.037668    0.034974  0.00159938
           7      0.0303   0.0343063  0.00150764
           8    0.035868   0.0345015  0.00132017
           9    0.044676    0.035632  0.00162283
          10    0.039276   0.0359964  0.00149655
          11    0.040204   0.0363789  0.00140668
          12     0.04656   0.0372273  0.00153909
          13    0.040124   0.0374502  0.00143318
          14    0.035436   0.0373063  0.00133464
          15    0.037908   0.0373464  0.00124313
          16     0.04642   0.0379135  0.00129376
          17    0.038352   0.0379393  0.00121555
          18    0.038756   0.0379847  0.00114693
          19     0.02418   0.0372581  0.00130571
          20    0.033588   0.0370746  0.00125222
           1    0.027728    0.027728           0
           2    0.038704    0.033216    0.005488
           3     0.03168    0.032704   0.0032096
           4    0.035448     0.03339  0.00237094
           5    0.050156   0.0367432  0.00382319
           6    0.041964   0.0376133  0.00324062
           7    0.038064   0.0376777  0.00273958
           8    0.039676   0.0379275  0.00238566
           9    0.038804   0.0380249  0.00210621
          10    0.026368   0.0368592  0.00221534
          11     0.03374   0.0365756  0.00202381
          12    0.038872    0.036767  0.00185736
          13    0.049812   0.0377705  0.00198141
          14      0.0255    0.036894  0.00203306
          15      0.0309   0.0364944   0.0019344
          16    0.033584   0.0363125  0.00181858
          17    0.044776   0.0368104  0.00177933
          18    0.032868   0.0365913  0.00169181
          19     0.02872   0.0361771  0.00165304
          20     0.02654   0.0356952  0.00164057
           1    0.034932    0.034932           0
           2    0.025904    0.030418    0.004514
           3    0.015364      0.0254  0.00565441
           4    0.028952    0.026288   0.0040957
           5    0.026332   0.0262968  0.00317253
           6    0.027832   0.0265527  0.00260296
           7    0.040152   0.0284954  0.00293495
           8    0.032204    0.028959  0.00258367
           9      0.0305   0.0291302    0.002285
          10    0.027768    0.028994   0.0020483
          11     0.02312     0.02846  0.00192818
          12    0.023456    0.028043   0.0018089
          13    0.047264   0.0295215  0.00222594
          14    0.034392   0.0298694  0.00208997
          15     0.03818   0.0304235  0.00202301
          16    0.037256   0.0308505  0.00193993
          17    0.013976   0.0298579  0.00207506
          18    0.028844   0.0298016   0.0019572
          19    0.038344   0.0302512  0.00190514
          20    0.039712   0.0307242  0.00186825
           1    0.029528    0.029528           0
           2     0.02752    0.028524    0.001004
           3     0.03306    0.030036  0.00161931
           4    0.034308    0.031104  0.00156579
           5     0.02422   0.0297272  0.00183483
           6    0.014984     0.02727  0.00287789
           7    0.023748   0.0267669  0.00248375
           8     0.02402   0.0264235  0.00217823
           9    0.026832   0.0264689  0.00192155
          10    0.027752   0.0265972  0.00172347
          11    0.015396   0.0255789  0.00186204
          12    0.026924    0.025691   0.0017035
          13    0.035468   0.0264431  0.00173812
          14    0.018988   0.0259106  0.00169501
          15    0.026272   0.0259347  0.00157815
          16     0.02406   0.0258175  0.00148087
          17    0.031668   0.0261616  0.00143297
          18    0.029932   0.0263711  0.00136716
          19    0.019312   0.0259996  0.00134552
          20     0.03562   0.0264806  0.00136409
