19.9457 inf 3.94461 inf
17.7516 2.19407 4.93999 0.995378
16.5332 1.75762 5.49079 0.796012
16.2382 1.27735 5.02248 0.732208
15.7755 1.09229 5.26841 0.618189
16.0333 0.928362 5.19593 0.509925
15.9011 0.795669 5.33082 0.451583
15.8475 0.691148 5.35702 0.391959
15.6614 0.637315 5.4282 0.352926
15.4901 0.595219 5.46705 0.318049
15.4104 0.544255 5.4183 0.291788
15.113 0.579036 5.5049 0.280087
15.1667 0.535335 5.52648 0.258546
15.1492 0.495934 5.54325 0.239953
15.0511 0.472006 5.53552 0.223518
15.2044 0.467402 5.50948 0.210697
15.3625 0.466634 5.48605 0.199298
15.2642 0.450797 5.47193 0.188429
15.3278 0.431131 5.48738 0.178904
15.2454 0.417231 5.46497 0.171195
15.1592 0.40611 5.45623 0.163074
14.9134 0.458662 5.50334 0.162466
14.9473 0.439575 5.43668 0.168948
15.0026 0.42448 5.42284 0.162347
15.1935 0.44967 5.42668 0.155765
15.2239 0.4331 5.38781 0.15462
15.1438 0.42439 5.41415 0.151096
15.145 0.408955 5.40354 0.145986
15.2086 0.399694 5.38068 0.142705
15.1086 0.398875 5.38716 0.138018
15.1055 0.385806 5.41178 0.135742
15.0715 0.375096 5.46732 0.142686
15.0899 0.364016 5.48222 0.139094
15.2091 0.372712 5.46381 0.136191
15.2686 0.366775 5.43993 0.13438
15.2578 0.356606 5.45549 0.131517
15.2618 0.346858 5.45933 0.127971
15.2011 0.343011 5.46804 0.124862
15.0728 0.357914 5.49985 0.125708
15.0975 0.34973 5.51018 0.12296
15.1124 0.341416 5.54065 0.123734
15.109 0.333205 5.55015 0.121126
15.0452 0.331562 5.54202 0.118555
15.0162 0.325235 5.57202 0.119652
14.9381 0.32738 5.54654 0.119706
14.9571 0.32075 5.52114 0.119799
14.9258 0.315411 5.52361 0.117249
14.918 0.308869 5.52975 0.114944
14.8575 0.308497 5.53565 0.112728
14.8019 0.307333 5.54863 0.11121
14.8482 0.304781 5.53305 0.110115
14.8394 0.298992 5.51592 0.109328
14.8523 0.293582 5.49479 0.109306
14.8389 0.288405 5.4849 0.107718
14.8252 0.283445 5.47823 0.105951
14.7941 0.280069 5.47331 0.104158
14.758 0.277473 5.48696 0.103222
14.7507 0.272743 5.48582 0.101433
14.7535 0.268095 5.48259 0.0997515
14.788 0.265846 5.48425 0.0980891
14.7619 0.262758 5.50435 0.0985392
14.7531 0.258632 5.48322 0.0992127
14.7723 0.255213 5.49011 0.0978678
14.7853 0.251528 5.48916 0.0963311
14.82 0.250052 5.48179 0.0951238
14.8848 0.254622 5.45475 0.0974973
14.8902 0.250851 5.45486 0.0960312
14.8981 0.247262 5.46463 0.0951118
14.8915 0.243742 5.4759 0.094399
14.8749 0.240809 5.47869 0.0930824
14.8926 0.238055 5.46633 0.0925913
14.8642 0.236441 5.48328 0.0928572
14.8796 0.233685 5.46536 0.0933126
14.8796 0.230505 5.45592 0.0925266
14.8899 0.227643 5.45924 0.0913452
14.9274 0.227735 5.44867 0.0907539
14.976 0.229953 5.44312 0.0897387
14.9879 0.227299 5.45418 0.089268
15.0111 0.225598 5.45566 0.0881432
15.0276 0.223368 5.47005 0.0882167
15.0072 0.221532 5.47227 0.0871491
15.017 0.219035 5.47675 0.0861959
15.0236 0.21648 5.47578 0.0851565
15.006 0.21461 5.47673 0.084142
14.984 0.21321 5.46346 0.0841991
15.0145 0.212912 5.47595 0.0841468
14.9828 0.212817 5.47947 0.0832481
15.0077 0.21185 5.47075 0.0827565
14.9448 0.218697 5.46629 0.0819431
14.9785 0.218869 5.45594 0.0816862
14.9593 0.217302 5.45432 0.0807998
14.9564 0.214946 5.45526 0.0799222
14.929 0.214384 5.46138 0.0792943
14.9662 0.215324 5.44671 0.0798049
14.9757 0.213261 5.45914 0.0799319
14.9384 0.214305 5.48903 0.0845548
14.9297 0.212265 5.48934 0.0836791
14.9176 0.210432 5.49487 0.0830047
14.9408 0.209577 5.49002 0.0823048
14.9282 0.207854 5.48918 0.081482
