13.9586 nan 4.88588 inf
14.6899 0.731385 5.86396 0.978079
14.6853 0.422291 5.30145 0.79706
14.1406 0.621142 5.01359 0.632863
13.7809 0.600727 5.12462 0.502631
14.0157 0.543763 5.25507 0.430629
14.3167 0.549386 5.12935 0.385051
14.9158 0.765004 4.99837 0.358264
14.6108 0.740378 5.12461 0.340248
14.6087 0.662217 5.03609 0.316942
14.8059 0.630609 5.19682 0.328671
15.0311 0.618154 5.17788 0.300631
15.0539 0.569073 5.3464 0.323844
15.1577 0.536993 5.22517 0.323403
15.4046 0.557586 5.11401 0.32094
15.2565 0.542201 5.17993 0.307365
14.9963 0.571941 5.2122 0.290517
15.1204 0.553339 5.15939 0.278946
15.0159 0.533752 5.20793 0.268282
14.8077 0.54746 5.24935 0.257865
14.8432 0.521945 5.28358 0.247654
14.8105 0.498732 5.2816 0.236137
14.8816 0.481836 5.34525 0.234443
14.7638 0.476126 5.38049 0.227212
14.9594 0.496801 5.27847 0.240631
14.9157 0.479303 5.31724 0.234419
14.7926 0.477364 5.3521 0.228247
14.7967 0.460018 5.34218 0.220168
14.8655 0.449172 5.37466 0.214908
14.928 0.438411 5.33787 0.210855
15.0066 0.43126 5.33218 0.204019
14.9604 0.42011 5.33731 0.197607
14.9799 0.407644 5.34026 0.191548
14.9196 0.400044 5.33339 0.185956
14.9694 0.391621 5.30503 0.182779
14.8739 0.392381 5.3259 0.178852
14.803 0.388158 5.34792 0.175338
14.8673 0.383239 5.31828 0.173216
14.823 0.375896 5.33309 0.169365
14.762 0.371425 5.37176 0.169546
14.6674 0.374411 5.41452 0.170798
14.7019 0.367018 5.3684 0.172943
14.679 0.359118 5.36196 0.168996
14.7323 0.354889 5.36155 0.165111
14.8263 0.359442 5.3341 0.163717
14.8013 0.352432 5.36141 0.162431
14.7544 0.348031 5.37465 0.159488
14.7955 0.343178 5.33455 0.161196
14.8249 0.337383 5.31511 0.159065
14.7869 0.332738 5.3064 0.156094
14.7555 0.327664 5.31543 0.153269
14.7629 0.321387 5.30328 0.150782
14.792 0.316603 5.2864 0.148871
14.7405 0.31492 5.29631 0.146424
14.754 0.309436 5.3078 0.144196
14.7653 0.304073 5.311 0.141633
14.7707 0.298739 5.32801 0.140163
14.7801 0.293693 5.31902 0.138019
14.7864 0.28874 5.31889 0.135659
14.8794 0.298738 5.31985 0.133383
14.8972 0.294341 5.34508 0.133582
14.8981 0.289556 5.33093 0.13217
14.9099 0.285166 5.32588 0.130153
14.9159 0.280738 5.33587 0.128492
14.9247 0.276526 5.32982 0.126645
14.9075 0.272843 5.32928 0.124712
14.9131 0.268797 5.32652 0.122868
14.9218 0.264957 5.30951 0.122236
14.9114 0.261297 5.31926 0.120845
14.9882 0.268753 5.29569 0.121416
14.9992 0.265166 5.3075 0.120276
15.0193 0.262234 5.32343 0.119658
15.0386 0.259334 5.31527 0.118289
15.0425 0.255835 5.31496 0.11668
15.0352 0.252505 5.33038 0.116142
15.0116 0.250274 5.34268 0.115261
14.9887 0.248069 5.33009 0.114448
15.0124 0.246014 5.32675 0.113021
15.0268 0.243307 5.33333 0.111775
15.034 0.240356 5.34629 0.111128
14.9947 0.240614 5.34462 0.10976
15.0361 0.241248 5.34007 0.108508
15.0471 0.238577 5.33164 0.107524
15.0358 0.235993 5.33076 0.10624
15.029 0.233299 5.33554 0.105091
15.0154 0.230969 5.34147 0.104032
15.0202 0.22835 5.3413 0.102829
15.0245 0.225782 5.34287 0.101666
15.0174 0.223346 5.34336 0.100519
14.9919 0.22231 5.3496 0.0995907
15.0404 0.225124 5.34349 0.0986795
15.0763 0.225543 5.32924 0.0986356
15.0883 0.223429 5.32324 0.0977536
15.0444 0.225363 5.33234 0.0971356
15.0354 0.223159 5.33495 0.0961431
15.0008 0.223518 5.33905 0.0952247
14.9824 0.221964 5.3375 0.0942507
15.0007 0.220444 5.336 0.093296
14.989 0.218517 5.32585 0.0929052
14.9591 0.218386 5.33791 0.0927588
