3.14181 inf
3.14029 0.00151012
3.14145 0.00145106
3.14116 0.00106855
3.14101 0.000840841
3.14139 0.00078391
3.14139 0.000662559
3.14165 0.00062659
3.14167 0.000553134
3.1418 0.000512877
3.14173 0.000470405
3.14213 0.000590103
3.14237 0.000591189
3.1422 0.000572889
3.14236 0.000558539
3.14209 0.000591557
3.14207 0.000555792
3.14203 0.000525842
3.14216 0.000513879
3.142 0.000512981
3.142 0.000487956
3.1421 0.000474624
3.1422 0.00046596
3.1422 0.000446124
3.14217 0.000429179
3.14223 0.000416222
3.14227 0.000403117
3.14229 0.000388782
3.14215 0.000401003
3.14205 0.000398225
3.14196 0.000395762
3.14179 0.000420927
3.1418 0.000408113
3.14179 0.00039609
3.14166 0.000405905
3.14159 0.000400996
3.14162 0.000391268
3.14162 0.000380837
3.14154 0.000379277
3.14149 0.000372964
3.1415 0.00036398
3.14156 0.000359841
3.14155 0.000351476
3.14162 0.000349672
3.14156 0.00034639
3.14156 0.000338781
3.14148 0.000339835
3.1415 0.000333191
3.14147 0.000327456
3.14151 0.000322776
3.14149 0.00031698
3.14149 0.000310827
3.14151 0.000305266
3.14145 0.000304663
3.14148 0.000300294
3.14147 0.000294895
3.14155 0.00029955
3.14157 0.000295305
3.14154 0.000292021
3.14161 0.000295751
3.14161 0.000290927
3.1416 0.000286366
3.1416 0.000281785
3.14163 0.000279768
3.14163 0.000275463
3.1416 0.000273189
3.14166 0.000276571
3.14164 0.000272938
3.14159 0.00027442
3.14156 0.000272511
3.14156 0.000268648
3.14156 0.000264993
3.14157 0.000261413
3.14157 0.000257857
3.1415 0.000263446
3.14154 0.00026323
3.14146 0.00027414
3.14146 0.000270701
3.14147 0.000267485
3.14144 0.000266475
3.14145 0.000263515
3.14144 0.000260834
3.14142 0.000258053
3.14145 0.000256294
3.14144 0.000253304
3.14148 0.00025375
3.14143 0.000257038
3.14147 0.00025761
3.14146 0.000254786
3.14144 0.000252988
3.14148 0.000253332
3.14146 0.000251469
3.14147 0.00024883
3.14149 0.000247049
3.14147 0.000244762
3.14146 0.000242838
3.14142 0.000243464
3.14143 0.00024142
3.1414 0.000240602
3.14143 0.000239479
