0.463588   -0.298385   0.186863
-0.0302011   0.202476   -0.345632
-0.345586   0.322859   -0.261345
0.141922   -0.456475   0.471546
-0.137392   -0.321985   -0.420585
0.411678   -0.00192441   0.365029
-0.475864   0.325905   -0.171939
-0.100792   0.499863   -0.101567
-0.426745   -0.350464   0.419593
0.0152651   -0.472096   -0.411101
0.300019   0.342752   0.440543
-0.255689   0.00608387   -0.329534
0.12006   0.240833   0.197192
0.193978   0.171846   -0.228374
0.406013   -0.00932823   0.247998
0.440512   0.402552   -0.456109
0.072876   0.265244   0.256198
0.286957   -0.44162   0.0649149
-0.327426   -0.0337409   0.455242
0.427432   -0.100339   0.481149
0.336109   -0.151072   -0.216572
-0.487629   0.10508   0.459915
0.163783   -0.208709   -0.216417
-0.43101   -0.129125   0.341083
-0.365733   0.428149   -0.270549
-0.0828397   -0.460347   -0.0362208
-0.376577   -0.192546   -0.139387
0.45616   0.492765   -0.171829
0.283049   0.435829   0.425652
0.0843436   0.0616393   -0.41199
-0.416411   0.107218   0.152659
0.167534   -0.0881451   -0.398599
0.434326   0.401185   -0.0339485
-0.0704505   -0.170381   0.061888
0.218787   0.241111   -0.164189
0.0707168   -0.0439745   -0.0026078
-0.26169   -0.357451   -0.272312
0.399828   0.205943   -0.0292647
0.228842   0.422338   0.0880764
0.176638   0.437172   0.239433
0.329997   -0.0759589   -0.30321
-0.369562   0.0222367   0.0940083
0.349226   -0.0885504   -0.0646976
-0.210063   0.153495   0.267411
-0.0214894   0.401899   0.147639
-0.242127   -0.0754379   0.0846539
0.122747   0.336701   0.030361
0.445401   -0.485289   -0.257579
0.0112491   0.308337   0.363468
0.299245   0.276623   0.187838
0.307285   -0.470934   0.494849
-0.446565   0.380259   0.412545
-0.216607   -0.291951   -0.177606
-0.0327791   0.104025   -0.48871
0.266356   -0.173571   0.387188
-0.168802   -0.423099   -0.440135
-0.220212   0.393111   0.452895
-0.462486   -0.133676   -0.454903
-0.0484389   0.00310309   -0.129902
-0.3825   0.437584   -0.153196
0.271736   -0.449955   0.396378
-0.483357   -0.418383   -0.370403
0.38251   -0.0749284   -0.195697
0.490946   0.386379   0.0595508
-0.2048   0.247765   -0.432459
0.0501244   -0.168593   -0.362602
-0.0835027   -0.387019   0.297311
-0.281981   -0.25294   -0.245134
-0.384515   0.010199   0.482796
-0.142593   0.34904   0.0471375
0.215264   -0.142701   -0.115938
0.0211416   -0.33364   0.197576
-0.440609   0.112919   0.358411
-0.360825   0.0636257   0.00519948
-0.117036   0.295517   0.107147
0.426469   0.224945   0.491076
0.344398   0.392067   0.370274
0.404138   -0.114411   -0.299478
-0.451022   -0.208198   -0.317925
0.27553   0.0726891   -0.145138
-0.477352   -0.226261   0.324787
0.479991   -0.296757   0.0715595
0.456841   0.340232   0.273884
-0.290378   -0.266564   0.465463
-0.129303   0.06708   0.304236
0.0533082   -0.24096   -0.313652
0.256784   -0.0826577   -0.154008
0.19202   -0.276398   -0.496269
0.303998   0.0788494   0.0624055
-0.14478   -0.0884857   -0.126052
0.361123   -0.09811   0.422679
0.152144   -0.429381   0.0166453
0.265724   -0.392493   0.499082
0.111455   0.406527   0.349128
0.346792   -0.132909   -0.37258
0.238105   -0.0374007   0.138081
0.382799   0.332212   0.408602
-0.299368   -0.345776   0.425879
-0.0171582   -0.0211614   0.0395661
-0.418002   -0.205167   0.124565
0.330826   -0.13223   -0.473954
0.0964373   0.313752   0.320943
0.0144895   0.39899   0.387277
-0.150606   0.248397   -0.333144
0.0483886   0.20237   -0.215744
-0.0647622   0.0676473   0.438553
0.30893   0.0723448   -0.425245
0.426241   -0.0701443   -0.126593
