0.463504   -0.29841   0.18683
-0.0301916   0.202536   -0.345644
-0.345639   0.322869   -0.261302
0.141942   -0.456368   0.471409
-0.137423   -0.32201   -0.420551
0.411722   -0.00193749   0.365082
-0.475847   0.325909   -0.171916
-0.100829   0.499854   -0.101615
-0.426737   -0.350471   0.41955
0.0151763   -0.472122   -0.411137
0.300045   0.342734   0.440552
-0.255678   0.00602949   -0.329576
0.120001   0.240794   0.197245
0.194035   0.171875   -0.228352
0.406067   -0.00937061   0.247988
0.44053   0.402653   -0.45606
0.0729423   0.265253   0.256206
0.28696   -0.441535   0.064933
-0.327445   -0.0336661   0.455271
0.427463   -0.100398   0.48118
0.3361   -0.15105   -0.216533
-0.487651   0.105087   0.459876
0.163856   -0.208717   -0.216489
-0.431033   -0.129127   0.341074
-0.365726   0.428154   -0.27054
-0.082838   -0.460364   -0.0362578
-0.37661   -0.19254   -0.139419
0.456146   0.492721   -0.171817
0.283085   0.435854   0.425597
0.0843117   0.0615752   -0.412069
-0.416364   0.107204   0.152682
0.16757   -0.0881947   -0.398622
0.434277   0.401194   -0.0338874
-0.0704483   -0.170459   0.0619065
0.218833   0.241119   -0.16416
0.0707737   -0.0440313   -0.00266774
-0.261701   -0.35747   -0.27228
0.399742   0.205994   -0.029317
0.228869   0.422331   0.0881091
0.176719   0.437171   0.239437
0.329971   -0.0759714   -0.30323
-0.369552   0.0222919   0.0940138
0.349291   -0.0885344   -0.0647519
-0.210004   0.153507   0.26742
-0.0214432   0.401917   0.147597
-0.242119   -0.0754681   0.0846826
0.122794   0.336737   0.0303227
0.445428   -0.48521   -0.257617
0.0112793   0.308343   0.363503
0.299309   0.276664   0.187772
0.307309   -0.470968   0.494914
-0.446589   0.380242   0.412504
-0.216598   -0.291999   -0.177582
-0.0327459   0.103971   -0.488676
0.266367   -0.173484   0.387185
-0.168777   -0.423133   -0.440089
-0.220231   0.393144   0.452863
-0.462492   -0.133675   -0.454885
-0.0484021   0.00308627   -0.129901
-0.382513   0.437611   -0.153215
0.271773   -0.449975   0.396392
-0.48331   -0.418405   -0.370418
0.382508   -0.0749772   -0.195706
0.490892   0.386428   0.0595633
-0.204817   0.247769   -0.432451
0.0501818   -0.168579   -0.362589
-0.0835329   -0.386992   0.297341
-0.281962   -0.252967   -0.245114
-0.384554   0.0102327   0.48284
-0.142461   0.348942   0.0472103
0.215261   -0.14271   -0.115995
0.0211015   -0.333606   0.197574
-0.440597   0.112954   0.358306
-0.360788   0.063691   0.00524839
-0.117011   0.29554   0.107115
0.426497   0.22496   0.491077
0.344482   0.392085   0.370265
0.404071   -0.114491   -0.299473
-0.451033   -0.208111   -0.317923
0.275499   0.072722   -0.145193
-0.477363   -0.22632   0.324799
0.479986   -0.296689   0.0714551
0.456818   0.340228   0.273912
-0.290352   -0.266581   0.465482
-0.129233   0.0670814   0.304173
0.0532386   -0.24094   -0.313637
0.256777   -0.0826299   -0.15408
0.191988   -0.276469   -0.496268
0.304058   0.0787801   0.0623894
-0.144721   -0.0884959   -0.12601
0.361173   -0.098083   0.422736
0.152131   -0.429328   0.0165921
0.265671   -0.392423   0.499073
0.111412   0.40655   0.349178
0.346845   -0.132902   -0.372668
0.23804   -0.0374345   0.138025
0.382703   0.332206   0.408572
-0.299448   -0.345835   0.425841
-0.0171356   -0.0212186   0.0394882
-0.418013   -0.205167   0.12455
0.330839   -0.132216   -0.474005
0.0965059   0.313801   0.320978
0.0144472   0.399003   0.387247
-0.150603   0.248424   -0.333152
0.0483803   0.202395   -0.215674
-0.0647525   0.0676175   0.438663
0.308818   0.0723283   -0.425202
0.42619   -0.070145   -0.126614
