         100     2.55214           0           0
         100     2.55214           0           0
         100     2.55214           0           0
         100     2.55214           0           0
         100     2.55214           0           0
         100     2.55214           0           0
         100     2.55214           0           0
         100     2.55214           0           0
         100     2.55214           0           0
         100     2.55214           0           0
         100     2.55214           0           0
         100     2.55214           0           0
         100     2.55214           0           0
         100     2.55214           0           0
         100     2.55214           0           0
         100     2.55214           0           0
         100     2.55214           0           0
         100     2.55214           0           0
         100     2.55214           0           0
         100     2.55214           0           0
         100     2.55214           0           0
         100     2.55214           0           0
         100     2.55214           0           0
         100     2.55214           0           0
         100     2.55214           0           0
         100     2.55214           0           0
         100     2.55214           0           0
         100     2.55214           0           0
         100     2.55214           0           0
         100     2.55214           0           0
         100     2.55214           0           0
         100     2.55214 6.60019e-06 2.62559e-06
         100     2.55214  0.00140747 5.87475e-05
         100     2.55214     0.02685  0.00028539
         100     2.55214    0.183389 0.000835238
         100     2.55214    0.628072  0.00200311
         100     2.55214     1.33264  0.00257813
         100     2.55214     2.06456  0.00311336
         100     2.55214     2.58458  0.00291498
         100     2.55214      2.8176  0.00256168
         100     2.55214     2.80698  0.00246594
         100     2.55214     2.64684   0.0021902
         100     2.55214     2.41289  0.00219312
         100     2.55214     2.16079  0.00217888
         100     2.55214     1.91754  0.00218034
         100     2.55214     1.70117  0.00215056
         100     2.55214     1.51174  0.00186168
         100     2.55214     1.35257  0.00169193
         100     2.55214     1.22326  0.00165784
         100     2.55214     1.11041  0.00135555
         100     2.55214     1.01719  0.00130926
         100     2.55214    0.940428  0.00128775
         100     2.55214    0.881598  0.00117209
         100     2.55214    0.831845  0.00138436
         100     2.55214     0.79087  0.00118572
         100     2.55214    0.762942  0.00101116
         100     2.55214    0.739539  0.00104578
         100     2.55214    0.724271  0.00111184
         100     2.55214    0.716746  0.00109477
         100     2.55214     0.71508  0.00105937
         100     2.55214    0.721126  0.00111251
         100     2.55214     0.73127  0.00105758
         100     2.55214    0.747956  0.00108191
         100     2.55214    0.769819 0.000930479
         100     2.55214    0.797034   0.0010136
         100     2.55214     0.82788  0.00107113
         100     2.55214    0.863723   0.0010892
         100     2.55214    0.904907  0.00105775
         100     2.55214    0.946803  0.00108279
         100     2.55214    0.988902  0.00110158
         100     2.55214       1.034   0.0010846
         100     2.55214     1.07714  0.00115184
         100     2.55214     1.11778  0.00106739
         100     2.55214      1.1574  0.00112977
         100     2.55214     1.19178  0.00109371
         100     2.55214     1.22265 0.000964007
         100     2.55214     1.24789 0.000885211
         100     2.55214     1.26559 0.000990069
         100     2.55214     1.27631 0.000969466
         100     2.55214     1.27724 0.000993622
         100     2.55214     1.26995  0.00107842
         100     2.55214     1.25411 0.000967646
         100     2.55214     1.23255 0.000845486
         100     2.55214     1.20829 0.000931408
         100     2.55214     1.17952  0.00104104
         100     2.55214     1.14817 0.000925233
         100     2.55214      1.1186  0.00101158
         100     2.55214     1.08744 0.000907948
         100     2.55214     1.06019  0.00091779
         100     2.55214     1.03375 0.000956249
         100     2.55214     1.01088 0.000854405
         100     2.55214    0.990148 0.000958001
         100     2.55214    0.972364 0.000778801
         100     2.55214    0.957732 0.000801905
         100     2.55214    0.947675 0.000780877
         100     2.55214    0.932062 0.000715883
         100     2.55214    0.922488 0.000739623
         100     2.55214    0.921426 0.000734584
         100     2.55214    0.911872 0.000764301
         100     2.55214    0.892447 0.000849277
