           1    -5.49599    -5.49599           0
           2    -5.45525    -5.47562   0.0203668
           3    -5.45047    -5.46724   0.0144407
           4    -5.46433    -5.46651   0.0102369
           5    -5.46667    -5.46654  0.00792954
           6    -5.46365    -5.46606  0.00649232
           7    -5.44972    -5.46373  0.00596302
           8    -5.48801    -5.46676  0.00599024
           9    -5.45827    -5.46582  0.00536645
          10    -5.46906    -5.46614  0.00481082
          11    -5.46554    -5.46609  0.00435189
          12    -5.46862     -5.4663  0.00397833
          13    -5.41947     -5.4627  0.00513506
          14    -5.47926    -5.46388  0.00489912
          15    -5.47915     -5.4649  0.00467301
          16    -5.45169    -5.46407  0.00444848
          17    -5.47894    -5.46495  0.00426912
          18    -5.47682    -5.46561  0.00407866
          19    -5.46085    -5.46536  0.00386614
          20    -5.48968    -5.46657  0.00386407
          21    -5.47413    -5.46693  0.00369304
          22    -5.46864    -5.46701  0.00352203
          23    -5.45157    -5.46634  0.00343172
          24    -5.47422    -5.46667    0.003302
          25    -5.46844    -5.46674  0.00316796
          26    -5.44752      -5.466  0.00313214
          27    -5.46565    -5.46599  0.00301393
          28    -5.47096    -5.46616  0.00290972
          29     -5.4713    -5.46634  0.00281318
          30    -5.46272    -5.46622  0.00272046
          31    -5.45237    -5.46577   0.0026689
          32     -5.4767    -5.46612   0.0026066
          33    -5.47296    -5.46632  0.00253488
          34    -5.44387    -5.46566  0.00254631
          35     -5.4536    -5.46532   0.0024964
          36    -5.44814    -5.46484  0.00247252
          37    -5.44931    -5.46442  0.00244112
          38    -5.45803    -5.46425  0.00238195
          39    -5.43432    -5.46349  0.00244374
          40    -5.48385    -5.46399  0.00243567
          41    -5.43794    -5.46336  0.00245903
          42    -5.48925    -5.46398  0.00247771
          43    -5.46993    -5.46411  0.00242337
          44    -5.46034    -5.46403  0.00236921
          45     -5.4801    -5.46439  0.00234335
          46    -5.45263    -5.46413  0.00230604
          47    -5.47311    -5.46432  0.00226451
          48    -5.43972    -5.46381  0.00227528
          49     -5.4598    -5.46373  0.00222987
          50    -5.45954    -5.46364  0.00218642
          51    -5.47535    -5.46387  0.00215538
          52    -5.46424    -5.46388  0.00211353
          53    -5.48482    -5.46427  0.00211059
          54    -5.47081     -5.4644  0.00207467
          55    -5.49394    -5.46493  0.00210625
          56    -5.48595    -5.46531  0.00210207
          57    -5.43988    -5.46486   0.0021125
          58    -5.44222    -5.46447  0.00211216
          59    -5.46762    -5.46453  0.00207674
          60    -5.49344    -5.46501  0.00209795
          61    -5.47281    -5.46513  0.00206723
          62    -5.48499    -5.46546  0.00205868
          63    -5.45668    -5.46532  0.00203052
          64    -5.44922    -5.46506  0.00201432
          65    -5.50759    -5.46572  0.00208821
          66      -5.475    -5.46586  0.00206113
          67    -5.45899    -5.46576  0.00203271
          68    -5.46613    -5.46576   0.0020026
          69    -5.45609    -5.46562  0.00197834
          70    -5.47486    -5.46575  0.00195434
          71    -5.47475    -5.46588  0.00193078
          72    -5.46713     -5.4659  0.00190385
          73     -5.4883     -5.4662  0.00190251
          74    -5.46757    -5.46622  0.00187672
          75    -5.46994    -5.46627  0.00185219
          76    -5.46494    -5.46626  0.00182774
          77    -5.48823    -5.46654  0.00182629
          78    -5.46228    -5.46649  0.00180355
          79    -5.46508    -5.46647  0.00178067
          80    -5.47119    -5.46653  0.00175926
          81     -5.4554    -5.46639  0.00174282
          82    -5.45761    -5.46628  0.00172477
          83    -5.45382    -5.46613  0.00171047
          84    -5.48138    -5.46631   0.0016997
          85    -5.47429    -5.46641   0.0016822
          86    -5.48099    -5.46658  0.00167115
          87    -5.47343    -5.46666  0.00165371
          88    -5.45989    -5.46658  0.00163661
          89    -5.43696    -5.46625  0.00165199
          90    -5.42276    -5.46576   0.0017035
          91    -5.47896    -5.46591   0.0016909
          92    -5.44525    -5.46568  0.00168744
          93    -5.47837    -5.46582  0.00167476
          94    -5.46959    -5.46586  0.00165733
          95    -5.47288    -5.46593  0.00164146
          96    -5.46894    -5.46597  0.00162457
          97    -5.48153    -5.46613  0.00161572
          98    -5.48871    -5.46636  0.00161567
          99    -5.48279    -5.46652  0.00160786
         100    -5.47785    -5.46664  0.00159573
