           1     1.32034     1.32034           0
           2     1.29253     1.30644   0.0139054
           3     1.48429     1.36572   0.0598266
           4     1.31576     1.35323   0.0441095
           5     1.33938     1.35046   0.0342792
           6       1.378     1.35505   0.0283629
           7     1.26319     1.34193   0.0273284
           8     1.19305     1.32332   0.0301077
           9      1.3637      1.3278   0.0269289
          10     1.41636     1.33666   0.0256623
          11     1.49486     1.35104   0.0273065
          12     1.48253       1.362   0.0272292
          13     1.47738     1.37087   0.0265732
          14     1.36132     1.37019   0.0246115
          15     1.37619     1.37059   0.0229155
          16     1.42602     1.37406   0.0217136
          17     1.39212     1.37512    0.020424
          18     1.54442     1.38452   0.0214303
          19     1.41681     1.38622   0.0203422
          20     1.48508     1.39117   0.0199212
          21     1.39479     1.39134   0.0189496
          22      1.3645     1.39012   0.0181089
          23     1.37141     1.38931   0.0173228
          24     1.30486     1.38579   0.0169544
          25     1.37092     1.38519    0.016273
          26     1.55611     1.39177   0.0169603
          27     1.41282     1.39255   0.0163387
          28     1.55536     1.39836   0.0167839
          29     1.64074     1.40672   0.0182243
          30     1.28884     1.40279   0.0180394
          31     1.29054     1.39917   0.0178196
          32     1.19575     1.39281   0.0183875
          33     1.27756     1.38932   0.0181606
          34     1.42645     1.39041   0.0176522
          35     1.42844      1.3915   0.0171748
          36     1.48985     1.39423    0.016913
          37     1.23946     1.39005   0.0169731
          38     1.48571     1.39256   0.0167111
          39     1.34006     1.39122   0.0163326
          40     1.29118     1.38872   0.0161143
          41     1.33235     1.38734   0.0157763
          42     1.38492     1.38728   0.0153962
          43     1.25699     1.38425   0.0153363
          44     1.22112     1.38055   0.0154356
          45     1.47302      1.3826   0.0152279
          46     1.33427     1.38155   0.0149302
          47      1.5451     1.38503   0.0150178
          48      1.3689     1.38469   0.0147055
          49     1.35553      1.3841   0.0144145
          50     1.49204     1.38626   0.0142873
          51     1.36495     1.38584   0.0140106
          52     1.43316     1.38675   0.0137687
          53     1.51563     1.38918   0.0137235
          54     1.72144     1.39533    0.014806
          55     1.22358     1.39221    0.014866
          56     1.25666     1.38979   0.0147975
          57     1.36263     1.38932   0.0145434
          58     1.51615      1.3915   0.0144568
          59     1.37224     1.39118   0.0142134
          60     1.36587     1.39075   0.0139809
          61     1.36913      1.3904   0.0137543
          62     1.36574        1.39   0.0135365
          63     1.40009     1.39016   0.0133209
          64     1.22331     1.38755   0.0133678
          65      1.3217     1.38654   0.0131994
          66     1.28757     1.38504   0.0130841
          67     1.37292     1.38486   0.0128886
          68     1.45281     1.38586    0.012737
          69     1.29659     1.38457   0.0126175
          70     1.32694     1.38374   0.0124632
          71     1.40935      1.3841   0.0122917
          72     1.45333     1.38507   0.0121578
          73     1.30585     1.38398   0.0120391
          74     1.48317     1.38532   0.0119507
          75     1.32859     1.38456   0.0118146
          76     1.42522      1.3851   0.0116703
          77     1.48889     1.38645   0.0115964
          78     1.49095     1.38779   0.0115249
          79     1.42825      1.3883   0.0113896
          80     1.36867     1.38805    0.011249
          81     1.40172     1.38822   0.0111105
          82     1.36417     1.38793   0.0109781
          83     1.44764     1.38865   0.0108689
          84     1.36796      1.3884   0.0107415
          85     1.38631     1.38838   0.0106144
          86     1.57582     1.39056   0.0107143
          87     1.38973     1.39055   0.0105904
          88     1.34594     1.39004   0.0104817
          89     1.33595     1.38943    0.010381
          90     1.54435     1.39115   0.0104084
          91     1.63349     1.39382   0.0106322
          92     1.35873     1.39344    0.010523
          93      1.4533     1.39408   0.0104291
          94      1.4169     1.39432   0.0103204
          95     1.34896     1.39384   0.0102223
          96     1.36278     1.39352   0.0101205
          97     1.40998     1.39369    0.010017
          98     1.23607     1.39208   0.0100439
          99     1.50196     1.39319   0.0100037
         100     1.54374      1.3947   0.0100169
