32.7706
29.7599
28.3102
27.0541
25.7296
24.912
23.4658
22.2533
21.024
20.4355
19.5798
18.9544
18.306
17.9348
17.4019
16.2303
14.7019
13.694
13.3604
13.1569
12.9761
12.2777
11.9004
11.5002
10.7483
10.0536
9.96975
9.82379
9.7229
9.7229
9.7229
9.7229
9.7229
9.7229
9.7229
9.72222
9.65115
9.5888
9.58878
9.58504
9.49515
9.3238
9.32374
9.31801
9.31264
9.3108
9.30875
9.30784
9.20526
9.12623
9.12069
9.11927
9.03832
8.83626
8.81862
8.67868
8.47764
8.47764
8.47764
8.47764
8.47764
8.47764
8.47764
8.47764
8.47764
8.47764
8.47764
8.47764
8.47764
8.47764
8.47751
8.46049
8.45223
8.45223
8.45223
8.45223
8.45223
8.45223
8.45223
8.45223
8.45223
8.45223
8.45223
8.45013
8.2331
8.02054
8.01249
8.01249
8.01164
7.91946
7.67741
7.55101
7.4824
7.35029
7.35022
7.35022
7.35022
7.35022
7.35022
7.35022
7.35022
7.35022
7.35022
7.34876
7.16351
7.05907
7.05907
7.05907
7.05907
7.05907
7.05907
7.05907
7.05907
7.05907
7.05907
7.05907
7.05907
7.05907
7.05907
7.05907
7.05907
7.05907
7.05907
7.05907
7.05907
7.05907
7.05907
7.05907
7.05907
7.05907
7.05907
7.05907
7.05907
7.05907
7.05907
7.05907
7.05907
7.05907
7.05907
7.05907
7.05907
7.05907
7.05907
7.05907
7.05907
7.05907
7.05907
7.05907
7.05907
7.05907
7.05907
7.05907
7.05907
7.05907
7.05907
7.05907
7.05869
7.01608
6.98298
6.98298
6.98298
6.98298
6.98298
6.98298
6.98298
6.98298
6.98298
6.98059
6.79727
6.50526
6.50526
6.50526
6.50526
6.50526
6.50526
6.50526
6.5051
6.48961
6.47364
6.47014
6.31964
6.2403
6.2403
6.2403
6.2403
6.2403
6.2403
6.2403
6.2403
6.2403
6.2403
6.2403
6.2403
6.2403
6.2403
6.2403
6.2403
6.2403
6.2403
6.2403
6.2403
6.2403
6.2403
6.2403
6.2403
6.2403
6.2403
6.2403
6.2403
6.2403
6.2403
6.2403
6.2403
6.2403
6.2403
6.2403
6.2403
6.2403
6.2403
6.2403
6.2403
6.2403
6.2403
6.2403
6.2403
6.2403
6.2403
6.2403
6.2403
6.2403
6.2403
6.2403
6.2403
6.2403
6.2403
6.2403
6.2403
6.2403
6.2403
6.2403
6.2403
6.2403
6.2403
6.2403
6.2403
6.2403
6.2403
6.2403
6.2403
6.2403
6.2403
6.2403
6.2403
6.2403
6.2403
6.2403
6.2403
6.2403
6.2403
6.2403
6.2403
6.2403
6.2403
6.2403
6.2403
6.2403
6.2403
6.2403
6.2403
6.2403
6.2403
6.2403
6.2403
6.2403
6.2403
6.2403
6.2403
6.2403
6.2403
6.2403
6.2403
6.2403
6.2403
6.2403
6.2403
6.2403
6.2403
6.2403
6.2403
6.2403
6.2403
6.2403
6.2403
6.2403
6.2403
6.2403
6.2403
6.2403
6.2403
6.2403
