13.9073
12.6032
11.2533
10.1537
9.84661
9.79917
9.68811
9.31277
9.06008
8.77829
8.56462
8.34695
7.96236
7.71288
7.54766
7.54766
7.54766
7.54766
7.54766
7.54766
7.54099
7.25852
7.09961
7.09798
6.96414
6.77357
6.77357
6.77309
6.71484
6.66566
6.62584
6.50971
6.37435
6.34629
6.30007
6.30007
6.29996
6.29372
6.2755
6.09943
5.92314
5.85161
5.81833
5.81833
5.81833
5.81833
5.81833
5.81833
5.81833
5.81833
5.81833
5.81833
5.81833
5.81833
5.81833
5.81833
5.81833
5.81833
5.81833
5.81833
5.81833
5.81833
5.81833
5.81792
5.78703
5.65736
5.60519
5.60519
5.60511
5.59651
5.587
5.5138
5.45431
5.43179
5.40326
5.40326
5.40326
5.4028
5.40239
5.40239
5.40207
5.38263
5.34906
5.25237
5.08664
5.08616
5.04459
4.99107
4.99107
4.99107
4.99107
4.99107
4.99107
4.99107
4.99107
4.99107
4.99107
4.99107
4.99107
4.99107
