28.5513
27.2887
25.2996
25.2996
24.102
22.733
21.4089
21.296
20.9813
20.3855
17.9983
17.3526
17.3526
17.0207
16.6022
16.6022
14.971
13.3915
13.3915
13.3915
13.3915
13.3915
13.1676
12.5879
12.3703
12.0788
12.0782
12.0782
12.0782
12.0782
12.0782
11.8237
11.6999
11.6999
11.4968
11.4968
11.4502
11.4502
11.4502
11.4301
11.25
10.4268
10.3617
9.88389
9.81885
9.81885
9.81885
9.81885
9.81885
9.81885
9.81885
9.81323
9.80021
9.80021
9.80021
9.80021
9.80021
9.80021
8.75893
8.75893
8.75893
8.75893
8.75893
8.75893
8.75893
8.75893
8.75893
8.75893
8.73352
8.73352
8.73352
8.73352
8.73352
8.73352
8.73352
8.73352
8.73352
8.73352
8.73352
8.73352
8.73352
8.73352
8.73352
8.73352
8.73352
8.73352
8.73352
8.73352
8.73352
8.73352
8.73352
8.73352
8.73352
8.73352
8.73352
8.73352
8.73352
8.73352
8.73352
8.73352
8.73352
8.73352
8.73352
8.73352
8.73352
8.73352
8.73352
8.73352
8.73352
8.73352
8.73352
8.7264
8.7264
8.7264
8.7264
8.7264
8.7264
8.7264
8.7264
8.7264
8.7264
8.7264
8.7264
8.7264
8.7264
8.7264
8.7264
8.7264
8.7264
8.7264
8.7264
8.7264
8.7264
8.7264
8.7264
8.7264
8.7264
8.7264
8.7264
8.7264
8.7264
8.7264
8.7264
8.7264
8.7264
8.7264
8.7264
8.7264
8.7264
8.7264
8.7264
8.7264
8.7264
8.7264
8.7264
8.7264
8.7264
8.7264
8.7264
8.7264
8.7264
8.7264
8.7264
8.7264
8.7264
8.7264
8.7264
8.7264
8.7264
8.7264
8.7264
8.7264
8.7264
8.7264
8.7264
8.7264
8.7264
8.7264
8.7264
8.7264
8.7264
8.7264
8.7264
8.7264
8.7264
8.7264
8.7264
8.7264
8.7264
8.7264
8.7264
8.7264
8.7264
8.7264
8.7264
8.7264
8.7264
8.7264
8.7264
8.7264
8.7264
8.7264
8.7264
8.7264
8.7264
8.7264
8.7264
8.7264
8.7264
8.7264
8.7264
8.7264
8.7264
8.7264
8.7264
8.7264
8.7264
8.7264
8.7264
8.7264
8.7264
8.7264
8.7264
8.7264
6.97665
6.97665
6.97665
6.97665
6.97665
6.97665
6.97665
6.97665
6.97665
6.97665
6.97665
6.97665
6.97665
6.97665
6.97665
6.97665
6.97665
6.97665
6.97665
6.97665
6.97665
6.97665
6.97665
6.97665
6.97665
6.97665
6.97665
6.97665
6.97665
6.97665
6.97665
6.97665
6.97665
6.97665
6.97665
6.97665
6.97665
6.97665
6.97665
6.97665
6.97665
6.97665
6.97665
6.97665
6.97665
6.97665
6.97665
6.97665
6.97665
6.97665
6.2403
6.2403
6.2403
6.2403
6.2403
6.2403
6.2403
6.2403
6.2403
6.2403
6.2403
6.2403
6.2403
6.2403
6.2403
6.2403
6.2403
6.2403
6.2403
6.2403
6.2403
6.2403
6.2403
6.2403
6.2403
6.2403
6.2403
6.2403
6.2403
6.2403
6.2403
6.2403
6.2403
6.2403
6.2403
6.2403
6.2403
6.2403
6.2403
6.2403
6.2403
6.2403
6.2403
6.2403
6.2403
6.2403
6.2403
6.2403
6.2403
6.2403
6.2403
6.2403
6.2403
6.2403
6.2403
6.2403
6.2403
6.2403
6.2403
6.2403
6.2403
6.2403
6.2403
6.2403
6.2403
6.2403
6.2403
6.2403
6.2403
6.2403
6.2403
6.2403
6.2403
6.2403
6.2403
6.2403
6.2403
6.2403
6.2403
6.2403
6.2403
6.2403
6.2403
6.2403
6.2403
6.2403
6.2403
6.2403
6.2403
6.2403
6.2403
6.2403
6.2403
6.2403
6.2403
6.2403
6.2403
6.2403
6.2403
6.2403
6.2403
6.2403
6.2403
6.2403
6.2403
6.2403
6.2403
6.2403
6.2403
6.2403
6.2403
6.2403
6.2403
6.2403
6.2403
6.2403
6.2403
6.2403
6.2403
6.2403
6.2403
6.2403
6.2403
6.2403
6.2403
6.2403
