12.3238
10.6595
9.85623
9.83744
9.77725
9.59749
9.11794
9.04823
8.58804
8.55164
8.21089
7.8347
7.54766
7.54766
7.54766
7.54766
7.54766
7.54766
7.54766
7.54727
7.09961
7.09961
7.09961
6.77357
6.77357
6.77357
6.77357
6.678
6.64732
6.61006
6.37472
6.37472
6.30007
6.30007
6.30007
6.30007
6.2774
6.2774
5.94937
5.89664
5.81833
5.81833
5.81833
5.81833
5.81833
5.81833
5.81833
5.81833
5.81833
5.81833
5.81833
5.81833
5.81833
5.81833
5.81833
5.81833
5.81833
5.81833
5.81833
5.81833
5.81833
5.81833
5.81833
5.7777
5.60519
5.60519
5.60519
5.60519
5.58834
5.58834
5.45456
5.45456
5.40326
5.40326
5.40326
5.40326
5.40239
5.40239
5.40239
5.40239
5.35089
5.35006
5.08664
5.08664
5.08664
4.99107
4.99107
4.99107
4.99107
4.99107
4.99107
4.99107
4.99107
4.99107
4.99107
4.99107
4.99107
4.99107
4.99107
4.99107
