nan
0.00175925
0.00298342
0.00383116
0.00410629
0.00351476
0.0029748
0.00312583
0.00275736
0.00247516
0.00227241
0.0024122
0.00237001
0.00222185
0.00206968
0.00198952
0.00186909
0.00186319
0.00178043
0.00168988
0.00173519
0.00165601
0.00158529
0.00152874
0.00148734
0.00143411
0.00138026
0.00133762
0.00141296
0.00136527
0.0013765
0.00133279
0.00130481
0.00128142
0.00125801
0.00129961
0.00126484
0.00123436
0.00121623
0.00120407
0.00121595
0.00120427
0.00118936
0.0011775
0.00115122
0.00112635
0.00110262
0.00108267
0.00106037
0.00105129
0.00103644
0.0010166
0.00101115
0.000999285
0.00099074
0.000972889
0.000959072
0.00098428
0.000968716
0.000953835
0.000941065
0.000934419
0.000924508
0.000919542
0.000905478
0.00089852
0.000891716
0.000883597
0.000873051
0.000864258
0.000861308
0.000856489
0.000846155
0.000846968
0.000836133
0.000840856
0.000832452
0.000834396
0.000823893
0.000813715
0.000816253
0.000818327
0.000811545
0.000801914
0.000817292
0.000811429
0.000808433
0.000800625
0.000792863
0.000786264
0.0007845
0.000776041
0.000771748
0.000774753
0.000767649
0.000760118
0.000753341
0.000745622
0.000740185
0.0007328
