inf
0.00126497
0.000731248
0.000706292
0.000593196
0.000516525
0.00067357
0.000647312
0.000743988
0.000666559
0.00061596
0.000562387
0.000530137
0.000530916
0.000494812
0.000479668
0.000504932
0.000484898
0.000460106
0.000446559
0.000425134
0.000421018
0.000405762
0.000395992
0.000412188
0.000422533
0.000407419
0.000393309
0.000400654
0.000394488
0.000382142
0.000370321
0.000358927
0.000348259
0.000338306
0.000329719
0.00032342
0.000316373
0.000308336
0.000313475
0.000308679
0.000301867
0.000294774
0.000289682
0.000284194
0.000278288
0.000278233
0.000280014
0.000274361
0.000273811
0.000269787
0.000268064
0.000264881
0.000262189
0.000257393
0.000257547
0.000254937
0.000256418
0.000252166
0.000248054
0.000247308
0.000244811
0.00024394
0.000240192
0.00023668
0.000233674
0.000230364
0.000229441
0.000226558
0.000226966
0.000223807
0.000220694
0.000218347
0.000215529
0.000216591
0.000213724
0.000211683
0.000209234
0.000209975
0.000208071
0.000205993
0.000205415
0.00020384
0.000203005
0.000201258
0.000200081
0.000203229
0.000201028
0.000198765
0.000198582
0.000197415
0.000196036
0.000193934
0.000191864
0.00018985
0.000187976
0.000188332
0.000186546
0.000185955
0.000184515
