0.505419
0.50366
0.500854
0.504052
0.501214
0.50016
0.500319
0.502089
0.50203
0.502239
0.502628
0.501397
0.500565
0.500215
0.500143
0.499685
0.499716
0.500321
0.500574
0.500522
0.501175
0.501247
0.501151
0.501334
0.501583
0.501462
0.501434
0.501292
0.501867
0.501892
0.50228
0.502278
0.502462
0.502263
0.502078
0.501637
0.501591
0.501501
0.501685
0.501896
0.50158
0.501375
0.501197
0.501387
0.501367
0.501335
0.501369
0.501285
0.501277
0.501438
0.501327
0.501351
0.501184
0.501065
0.501204
0.501203
0.501284
0.501
0.50095
0.501002
0.501077
0.50095
0.501046
0.501179
0.501198
0.501308
0.501418
0.501323
0.501259
0.501178
0.501304
0.501193
0.501143
0.500999
0.50097
0.500807
0.500742
0.500597
0.500611
0.500629
0.500772
0.500632
0.50056
0.500548
0.500749
0.500671
0.50057
0.500522
0.500567
0.500627
0.500731
0.500717
0.500638
0.500769
0.500728
0.500756
0.500797
0.500794
0.50085
0.500841
