0.0846241
0.0833591
0.0833956
0.0838768
0.0841061
0.0839266
0.0834136
0.083133
0.0836101
0.0836487
0.0837747
0.0837851
0.0836692
0.0838716
0.0838951
0.084021
0.083793
0.0838852
0.0838489
0.0839431
0.0839609
0.0838471
0.0839
0.0839768
0.0838167
0.0836693
0.0836432
0.0836669
0.0835384
0.0836146
0.0835933
0.0836086
0.0836069
0.0836011
0.0836109
0.0836359
0.0836779
0.0837094
0.08372
0.0836309
0.0835883
0.0836078
0.0836103
0.0836415
0.0836656
0.0836794
0.0837365
0.0838015
0.0837933
0.0838454
0.0838179
0.0837746
0.0837428
0.0837084
0.0837112
0.0836617
0.0836303
0.0835755
0.0835837
0.0835916
0.083551
0.0835237
0.0835622
0.0835554
0.0835654
0.0835823
0.0835726
0.0835389
0.0835243
0.083565
0.0835598
0.0835625
0.0835799
0.083588
0.0835468
0.0835478
0.0835656
0.0835765
0.0836141
0.0835966
0.0835822
0.083554
0.0835347
0.0835092
0.083493
0.0835146
0.0834678
0.0834748
0.0834767
0.0834483
0.0834282
0.0834107
0.0834133
0.083412
0.0834095
0.0834161
0.0833867
0.0833793
0.0834013
0.0833888
