-0.274824   -0.223853   -0.192771
0.0163648   -0.166564   -0.0356033
-0.2414   -0.475371   0.0418003
-0.14092   -0.415893   0.0789379
-0.287012   -0.284513   0.0723852
-0.183209   -0.323184   0.463836
0.442725   -0.132791   -0.128836
-0.254319   -0.354342   -0.479151
0.370574   -0.0910995   -0.237381
0.159015   -0.224118   -0.47232
-0.115101   -0.370645   -0.300828
-0.310288   -0.251487   -0.0914051
0.18636   0.140778   0.267302
-0.452597   0.184818   -0.0463294
-0.215522   -0.383446   -0.155642
0.152299   0.277483   0.231853
0.152743   0.189065   -0.303655
-0.29841   -0.0591015   -0.416452
-0.403561   0.210205   -0.189635
0.43182   0.306826   -0.103386
0.0361617   -0.212676   -0.23617
-0.450431   -0.420177   0.0209912
-0.425268   0.165427   0.480964
-0.242926   -0.424805   0.352763
0.124161   -0.232512   -0.265679
-0.0733304   -0.132168   -0.303557
-0.340699   0.225428   -0.473658
-0.423711   -0.334559   -0.4659
-0.171239   -0.276016   -0.466321
-0.401421   0.142783   -0.437976
-0.250767   -0.0144939   0.216544
-0.439683   0.0488161   0.368141
-0.299133   0.496205   -0.0333125
-0.288991   0.288619   0.134821
-0.222625   -0.0133325   -0.0605588
-0.230078   -0.27719   -0.0366016
-0.246369   0.392076   0.0751135
0.360711   0.0225807   0.0163894
-0.185647   -0.404746   -0.484861
0.0564639   0.0486256   0.171544
-0.0674446   0.430826   0.303331
0.273433   0.38756   0.476374
0.457089   -0.104793   -0.214333
0.391588   0.371708   -0.259498
-0.0624368   0.0375095   0.499371
0.409908   0.410781   0.230072
0.250017   0.267009   0.281126
0.0927798   0.148167   -0.264478
-0.378364   0.383904   -0.308664
0.418989   0.443111   -0.295163
0.0414002   -0.294583   0.183858
0.345861   0.41724   -0.333404
0.485633   0.439198   -0.102025
0.0217995   -0.319609   -0.293442
-0.38935   -0.228118   -0.469748
0.200063   0.0517204   0.271729
0.31865   0.0188793   0.431124
-0.0538885   -0.192001   -0.378446
0.0202148   -0.417853   -0.292194
0.448332   0.122701   0.172994
0.470037   0.206106   0.324274
0.258947   0.00987198   -0.399753
0.328962   0.46245   0.164238
0.400635   -0.342714   0.0616039
-0.348078   0.204408   0.161428
-0.328653   -0.126429   0.106331
-0.341776   0.334303   -0.195792
0.362546   0.264904   -0.312804
-0.0522728   -0.189545   -0.0942227
0.0415577   0.114614   -0.41976
-0.195293   -0.150998   0.0987612
0.27608   0.289714   0.16674
-0.0424358   -0.24345   0.444978
-0.348725   0.129844   -0.489666
0.0664335   0.0608962   0.252136
0.301136   -0.24823   -0.286671
0.399935   0.168741   0.225837
0.0750934   -0.259438   0.426012
0.174063   -0.448785   0.417884
-0.398085   -0.254277   -0.375521
-0.247912   -0.39514   0.062689
-0.335877   0.487296   0.187697
-0.152848   0.102585   0.11439
-0.324836   0.470461   0.386997
-0.214953   0.464185   -0.229554
-0.460142   -0.0681754   -0.176473
-0.320869   -0.0752105   -0.342236
-0.0928373   -0.169749   0.479447
-0.253728   0.438785   0.19001
0.44463   -0.144681   0.371007
0.0227368   0.0253276   -0.178063
0.334839   0.109822   0.075215
0.138573   0.243725   0.370574
-0.0827164   0.197991   -0.016858
-0.348328   -0.331311   -0.472187
0.410994   0.296956   0.118709
-0.363559   0.257194   0.443681
-0.255242   0.271527   -0.254028
0.303106   0.198486   0.0295583
0.362815   -0.425089   -0.125962
0.185965   -0.00705941   -0.431944
0.357686   0.0143035   -0.462511
-0.328812   0.259168   0.228574
0.117688   0.197089   -0.0715999
-0.121496   -0.173289   -0.239009
0.152418   -0.355706   0.0834929
0.0297177   -0.43736   0.00539646
-0.193233   -0.175427   -0.0485932
