         100    0.950991           0           0
         100    0.950991           0           0
         100    0.950991           0           0
         100    0.950991           0           0
         100    0.950991           0           0
         100    0.950991           0           0
         100    0.950991           0           0
         100    0.950991           0           0
         100    0.950991           0           0
         100    0.950991           0           0
         100    0.950991           0           0
         100    0.950991           0           0
         100    0.950991           0           0
         100    0.950991           0           0
         100    0.950991           0           0
         100    0.950991           0           0
         100    0.950991           0           0
         100    0.950991           0           0
         100    0.950991           0           0
         100    0.950991           0           0
         100    0.950991           0           0
         100    0.950991           0           0
         100    0.950991           0           0
         100    0.950991           0           0
         100    0.950991           0           0
         100    0.950991           0           0
         100    0.950991           0           0
         100    0.950991           0           0
         100    0.950991           0           0
         100    0.950991           0           0
         100    0.950991           0           0
         100    0.950991           0           0
         100    0.950991           0           0
         100    0.950991           0           0
         100    0.950991           0           0
         100    0.950991           0           0
         100    0.950991  7.7741e-05 1.12087e-05
         100    0.950991  0.00350944 8.91579e-05
         100    0.950991   0.0502022  0.00039082
         100    0.950991    0.312651  0.00102932
         100    0.950991     1.07544  0.00241253
         100    0.950991     2.40079  0.00267719
         100    0.950991     3.89153  0.00218754
         100    0.950991     4.97393  0.00253955
         100    0.950991     5.27389  0.00347549
         100    0.950991     4.83977   0.0039887
         100    0.950991     3.94673  0.00295481
         100    0.950991     2.91222  0.00212095
         100    0.950991     1.96275  0.00155967
         100    0.950991     1.22107  0.00141861
         100    0.950991    0.706688  0.00127775
         100    0.950991    0.381546  0.00121538
         100    0.950991     0.19336 0.000872453
         100    0.950991   0.0954096  0.00062885
         100    0.950991   0.0524486 0.000515532
         100    0.950991   0.0450181 0.000460441
         100    0.950991    0.064875 0.000526813
         100    0.950991    0.114187 0.000608173
         100    0.950991    0.198869 0.000704758
         100    0.950991    0.324754 0.000744472
         100    0.950991     0.49032 0.000624666
         100    0.950991    0.680683    0.000641
         100    0.950991     0.86354 0.000940958
         100    0.950991    0.998834  0.00132166
         100    0.950991      1.0506  0.00143094
         100    0.950991     1.00745  0.00145103
         100    0.950991    0.877893  0.00102758
         100    0.950991    0.696807 0.000804866
         100    0.950991    0.505115 0.000592429
         100    0.950991    0.343833 0.000763503
         100    0.950991    0.237813 0.000848142
         100    0.950991    0.207456  0.00101571
         100    0.950991     0.27586  0.00120214
         100    0.950991    0.469034  0.00143414
         100    0.950991    0.811532  0.00149271
         100    0.950991     1.29967   0.0013655
         100    0.950991     1.87599 0.000985023
         100    0.950991     2.42676    0.001399
         100    0.950991     2.82264   0.0025687
         100    0.950991     2.94926  0.00280248
         100    0.950991     2.78086  0.00267861
         100    0.950991     2.37324  0.00186656
         100    0.950991     1.83935  0.00098805
         100    0.950991     1.30595 0.000932344
         100    0.950991    0.872039  0.00133689
         100    0.950991    0.589004  0.00159447
         100    0.950991    0.470167  0.00148475
         100    0.950991    0.500701   0.0012666
         100    0.950991    0.637118 0.000898968
         100    0.950991    0.825329 0.000596297
         100    0.950991    0.998612 0.000745182
         100    0.950991     1.10443  0.00104971
         100    0.950991     1.11386  0.00112633
         100    0.950991     1.00248 0.000828578
         100    0.950991    0.850545 0.000682722
         100    0.950991    0.711208 0.000785674
         100    0.950991    0.621603  0.00127158
         100    0.950991    0.623262   0.0013757
         100    0.950991    0.732158  0.00134119
         100    0.950991    0.940561 0.000900443
