           1    0.049034    0.049034           0
           2   0.0491263   0.0490801 4.61478e-05
           3   0.0493492   0.0491698 9.35577e-05
           4   0.0482298   0.0489348 0.000244143
           5    0.048745   0.0488968 0.000192884
           6   0.0489219    0.048901 0.000157545
           7    0.049136   0.0489346 0.000137316
           8   0.0489652   0.0489384 0.000118981
           9   0.0489094   0.0489352 0.000104981
          10   0.0487045   0.0489121 9.66887e-05
          11   0.0491089     0.04893 8.92683e-05
          12   0.0487266   0.0489131 8.32344e-05
          13   0.0497216   0.0489752  9.8642e-05
          14    0.049358   0.0490026 9.53296e-05
          15   0.0494979   0.0490356 9.46907e-05
          16   0.0491355   0.0490418 8.87946e-05
          17   0.0489233   0.0490349 8.36991e-05
          18   0.0486097   0.0490113 8.23712e-05
          19   0.0492393   0.0490233 7.88344e-05
          20   0.0490115   0.0490227 7.47911e-05
          21   0.0489372   0.0490186 7.12568e-05
          22   0.0484371   0.0489922 7.29006e-05
          23   0.0488211   0.0489847 7.00547e-05
          24   0.0496993   0.0490145 7.33835e-05
          25   0.0492681   0.0490247 7.11143e-05
          26   0.0487828   0.0490154 6.89548e-05
          27   0.0487767   0.0490065 6.69379e-05
          28   0.0489234   0.0490035 6.45713e-05
          29   0.0499077   0.0490347 6.96704e-05
          30   0.0491529   0.0490387 6.74233e-05
          31   0.0487997    0.049031 6.56661e-05
          32   0.0493482   0.0490409 6.43491e-05
          33   0.0489182   0.0490372 6.24793e-05
          34   0.0487033   0.0490273  6.1404e-05
          35   0.0491727   0.0490315 5.97681e-05
          36   0.0490108   0.0490309  5.8087e-05
          37   0.0494407    0.049042 5.75707e-05
          38   0.0485644   0.0490294 5.74273e-05
          39   0.0491099   0.0490315 5.59735e-05
          40    0.048795   0.0490256 5.48756e-05
          41   0.0490733   0.0490267 5.35331e-05
          42   0.0487427     0.04902 5.26788e-05
          43   0.0490801   0.0490214 5.14582e-05
          44   0.0493396   0.0490286 5.07926e-05
          45   0.0486341   0.0490198 5.04191e-05
          46   0.0484337   0.0490071 5.09308e-05
          47   0.0488473   0.0490037 4.99513e-05
          48   0.0488942   0.0490014 4.89527e-05
          49    0.049061   0.0490026 4.79586e-05
          50    0.048654   0.0489957 4.75043e-05
          51   0.0491518   0.0489987 4.66641e-05
          52     0.04927   0.0490039 4.60544e-05
          53   0.0487315   0.0489988 4.54686e-05
          54   0.0493472   0.0490052 4.50826e-05
          55    0.048788   0.0490013 4.44312e-05
          56   0.0485783   0.0489937 4.42797e-05
          57   0.0496765   0.0490057 4.51153e-05
          58   0.0493005   0.0490108 4.46211e-05
          59   0.0491057   0.0490124 4.38878e-05
          60   0.0489506   0.0490114 4.31625e-05
          61   0.0491383   0.0490135 4.24999e-05
          62   0.0488678   0.0490111 4.18748e-05
          63   0.0494607   0.0490182 4.18182e-05
          64   0.0492315   0.0490216 4.12943e-05
          65    0.048898   0.0490197 4.06985e-05
          66    0.048803   0.0490164 4.02114e-05
          67    0.048315   0.0490059  4.0967e-05
          68    0.048492   0.0489984 4.10616e-05
          69   0.0491122       0.049 4.04957e-05
          70   0.0489247   0.0489989 3.99275e-05
          71   0.0493178   0.0490034 3.96165e-05
          72   0.0491291   0.0490052 3.91014e-05
          73   0.0493626   0.0490101 3.88717e-05
          74   0.0486161   0.0490048 3.87106e-05
          75   0.0491178   0.0490063 3.82207e-05
          76   0.0491642   0.0490083 3.77717e-05
          77   0.0492749   0.0490118 3.74383e-05
          78   0.0486777   0.0490075 3.72025e-05
          79   0.0491244    0.049009 3.67584e-05
          80   0.0490443   0.0490094 3.62987e-05
          81   0.0486505    0.049005 3.61206e-05
          82   0.0492251   0.0490077 3.57781e-05
          83   0.0491988     0.04901 3.54194e-05
          84   0.0494279    0.049015  3.5347e-05
          85   0.0488938   0.0490135 3.49578e-05
          86   0.0492543   0.0490163 3.46621e-05
          87   0.0493788   0.0490205 3.45139e-05
          88   0.0485837   0.0490155 3.44786e-05
          89   0.0492251   0.0490179 3.41702e-05
          90   0.0494107   0.0490223 3.40691e-05
          91   0.0493976   0.0490264 3.39443e-05
          92   0.0486345   0.0490221 3.38424e-05
          93   0.0489152    0.049021 3.34963e-05
          94   0.0490617   0.0490214 3.31408e-05
          95   0.0493823   0.0490252 3.30094e-05
          96   0.0488139    0.049023 3.27378e-05
          97    0.048471   0.0490173 3.28946e-05
          98   0.0491807    0.049019 3.25999e-05
          99   0.0491903   0.0490207 3.23153e-05
         100   0.0488044   0.0490186 3.20636e-05
