           1     -7.5775     -7.5775           0
           2    -7.53857    -7.55804   0.0194664
           3    -7.54096    -7.55234   0.0125986
           4    -7.53911    -7.54903  0.00950317
           5    -7.54859    -7.54895  0.00736166
           6    -7.54704    -7.54863  0.00601914
           7    -7.54527    -7.54815  0.00510962
           8    -7.56103    -7.54976  0.00470902
           9    -7.57325    -7.55237  0.00490509
          10    -7.53673    -7.55081  0.00465776
          11     -7.5556    -7.55124  0.00423558
          12    -7.54128    -7.55041  0.00395461
          13    -7.56059     -7.5512  0.00372108
          14    -7.54001     -7.5504  0.00353646
          15    -7.55429    -7.55066  0.00330248
          16    -7.53793    -7.54986     0.00319
          17    -7.53771    -7.54915  0.00308057
          18      -7.546    -7.54897  0.00290963
          19    -7.56602    -7.54987  0.00289481
          20    -7.55607    -7.55018  0.00276371
          21    -7.55138    -7.55024  0.00262943
          22    -7.55713    -7.55055  0.00252657
          23    -7.55592    -7.55078  0.00242549
          24    -7.55623    -7.55101  0.00233329
          25    -7.54155    -7.55063  0.00226976
          26    -7.53565    -7.55005  0.00225551
          27    -7.54294    -7.54979   0.0021863
          28    -7.55017     -7.5498  0.00210682
          29    -7.53799     -7.5494  0.00207332
          30     -7.5667    -7.54997  0.00208445
          31    -7.55374     -7.5501  0.00201974
          32    -7.56723    -7.55063  0.00202761
          33    -7.55274    -7.55069  0.00196624
          34    -7.54349    -7.55048  0.00191928
          35    -7.54021    -7.55019  0.00188661
          36    -7.54045    -7.54992  0.00185329
          37    -7.55854    -7.55015  0.00181751
          38    -7.52077    -7.54938  0.00193067
          39    -7.56443    -7.54976  0.00191973
          40    -7.54399    -7.54962  0.00187669
          41    -7.54835    -7.54959  0.00183061
          42     -7.5491    -7.54958  0.00178653
          43    -7.52228    -7.54894  0.00185637
          44    -7.54696     -7.5489  0.00181425
          45    -7.55947    -7.54913  0.00178896
          46    -7.55226     -7.5492  0.00175095
          47    -7.54726    -7.54916  0.00171379
          48    -7.53681     -7.5489  0.00169731
          49     -7.5529    -7.54898  0.00166431
          50    -7.52642    -7.54853  0.00169199
          51    -7.56013    -7.54876  0.00167401
          52    -7.53146    -7.54843  0.00167488
          53    -7.53572    -7.54819  0.00166038
          54    -7.52593    -7.54778  0.00168069
          55    -7.56701    -7.54812  0.00168652
          56    -7.52602    -7.54773  0.00170255
          57    -7.56488    -7.54803  0.00169925
          58    -7.56677    -7.54835  0.00170066
          59    -7.54655    -7.54832  0.00167187
          60    -7.56115    -7.54854  0.00165761
          61    -7.54775    -7.54852  0.00163026
          62    -7.56614    -7.54881  0.00162872
          63    -7.53462    -7.54858  0.00161841
          64    -7.54712    -7.54856  0.00159308
          65    -7.55184    -7.54861  0.00156919
          66    -7.56641    -7.54888  0.00156858
          67    -7.54869    -7.54888    0.001545
          68    -7.54513    -7.54882   0.0015231
          69    -7.53854    -7.54867  0.00150825
          70    -7.54801    -7.54866  0.00148658
          71    -7.55792    -7.54879  0.00147128
          72    -7.53768    -7.54864  0.00145889
          73    -7.54535    -7.54859  0.00143948
          74    -7.55794    -7.54872  0.00142549
          75    -7.55195    -7.54876  0.00140701
          76    -7.52269    -7.54842  0.00143015
          77    -7.56503    -7.54864  0.00142784
          78    -7.53004     -7.5484  0.00142944
          79    -7.53755    -7.54826  0.00141789
          80    -7.55635    -7.54836   0.0014037
          81      -7.556    -7.54846  0.00138947
          82     -7.5338    -7.54828  0.00138401
          83    -7.54229    -7.54821  0.00136913
          84    -7.54237    -7.54814  0.00135451
          85    -7.55516    -7.54822  0.00134103
          86    -7.52216    -7.54792  0.00135954
          87    -7.55289    -7.54797  0.00134504
          88    -7.53404    -7.54781  0.00133906
          89    -7.54785    -7.54781  0.00132393
          90     -7.5431    -7.54776  0.00131018
          91    -7.55463    -7.54784   0.0012979
          92    -7.54343    -7.54779  0.00128461
          93    -7.55128    -7.54783  0.00127128
          94    -7.53478    -7.54769  0.00126532
          95    -7.53438    -7.54755  0.00125975
          96    -7.56382    -7.54772  0.00125803
          97    -7.54832    -7.54772  0.00124501
          98    -7.56055    -7.54786  0.00123916
          99    -7.56623    -7.54804  0.00124055
         100    -7.52517    -7.54781   0.0012492
